Ca 88.2511563726 36 37
Ca 132.907195743 36 37
Ca 176.964806776 36 37
Ca 133.28585805 36 37
Ca 93.9424723749 36 37
Ca 93.5862181587 43 44
Ca 132.19168102 43 44
Ca 158.397504353 43 44
Ca 131.781483172 43 44
Ca 95.8221654804 43 44
Ca 91.3686543249 178 179
Ca 132.361841218 178 179
Ca 177.038620311 178 179
Ca 131.647265451 178 179
Ca 92.9970244899 178 179
Ca 90.9388996678 185 186
Ca 130.197606792 185 186
Ca 153.664876089 185 186
Ca 129.185813929 185 186
Ca 93.1093995797 185 186
Ca 92.5929491924 184 185
Ca 117.621516797 184 185
Ca 130.997885484 184 185
Ca 118.294019172 184 185
Ca 84.9967209972 184 185
Ca 77.01218126 189 190
Ca 115.676690603 189 190
Ca 133.229609634 189 190
Ca 118.030391344 189 190
Ca 77.7811369325 189 190
Ca 80.5517736896 262 263
Ca 114.6230212 262 263
Ca 128.266376241 262 263
Ca 118.821331781 262 263
Ca 95.7383390145 262 263
Ca 96.5742117802 265 266
Ca 135.51404667 265 266
Ca 175.122216387 265 266
Ca 135.08390243 265 266
Ca 77.382881703 265 266
Ca 91.8557072634 436 437
Ca 134.134827484 436 437
Ca 177.367335163 436 437
Ca 132.603827446 436 437
Ca 93.90773141 436 437
Ca 91.9874137537 443 444
Ca 133.279105279 443 444
Ca 163.184425855 443 444
Ca 131.527324021 443 444
Ca 94.5531821049 443 444
Ca 81.7679845205 493 494
Ca 127.91671732 493 494
Ca 149.722850282 493 494
Ca 124.031533846 493 494
Ca 83.4271279991 493 494
Ca 94.1346727505 496 497
Ca 121.666223677 496 497
Ca 134.691007573 496 497
Ca 122.555525862 496 497
Ca 94.3716671325 496 497
Ca 92.2865290103 578 579
Ca 133.275411677 578 579
Ca 177.055083319 578 579
Ca 132.163634655 578 579
Ca 93.8641729607 578 579
Ca 94.9769012923 585 586
Ca 132.340929421 585 586
Ca 155.001734822 585 586
Ca 130.03365839 585 586
Ca 95.5765189753 585 586
Ca 95.2548338828 584 585
Ca 119.006366449 584 585
Ca 130.82477202 584 585
Ca 118.965564758 584 585
Ca 88.2973999973 584 585
Ca 75.4257029 589 590
Ca 114.650769504 589 590
Ca 134.31916485 589 590
Ca 118.05678388 589 590
Ca 81.2372764042 589 590
Ca 85.1364864681 662 663
Ca 114.965661493 662 663
Ca 126.084092171 662 663
Ca 115.40042286 662 663
Ca 91.9883740169 662 663
Ca 95.3329873064 665 666
Ca 135.236142939 665 666
Ca 176.557970105 665 666
Ca 133.563670755 665 666
Ca 77.9527977523 665 666
