N 89.5681066388 36 37
N 145.023482355 36 37
N 172.256610903 36 37
N 130.430819957 36 37
N 59.1242961908 36 37
N 98.4835237384 43 44
N 146.665989119 43 44
N 167.241426516 43 44
N 117.251045988 43 44
N 50.7770413625 43 44
N 91.9853428681 178 179
N 136.180246758 178 179
N 172.297521144 178 179
N 127.672181528 178 179
N 52.3462724136 178 179
N 93.4620371083 185 186
N 148.22953907 185 186
N 161.062046687 185 186
N 107.749873412 185 186
N 48.13281902 185 186
N 104.317804704 184 185
N 142.965039144 184 185
N 144.705598522 184 185
N 116.537556061 184 185
N 65.5539423269 184 185
N 73.1104806028 189 190
N 143.652422605 189 190
N 143.843087835 189 190
N 122.438271506 189 190
N 78.2513198861 189 190
N 85.2855062424 262 263
N 139.337700368 262 263
N 139.965234932 262 263
N 128.614139022 262 263
N 97.3388432868 262 263
N 106.081379488 265 266
N 142.215666508 265 266
N 170.13358179 265 266
N 128.261464374 265 266
N 35.068569719 265 266
N 98.2862153533 436 437
N 146.883208407 436 437
N 176.538609092 436 437
N 125.884563764 436 437
N 54.9100662486 436 437
N 92.6427651995 443 444
N 147.002133296 443 444
N 166.882465495 443 444
N 113.640128348 443 444
N 47.3269704308 443 444
N 70.7688640798 493 494
N 141.881960982 493 494
N 152.151745992 493 494
N 122.649263695 493 494
N 71.8358946705 493 494
N 106.763670093 496 497
N 139.634277425 496 497
N 137.278028547 496 497
N 108.427433625 496 497
N 70.3184596265 496 497
N 96.1062983559 578 579
N 139.108210444 578 579
N 172.264649248 578 579
N 126.949419055 578 579
N 53.1307653148 578 579
N 98.740827722 585 586
N 145.031483364 585 586
N 159.114697282 585 586
N 110.095412963 585 586
N 52.0640223797 585 586
N 100.837613092 584 585
N 139.780488546 584 585
N 140.80520453 584 585
N 118.091200633 584 585
N 73.8651239681 584 585
N 53.8706825774 589 590
N 155.904280521 589 590
N 151.203351732 589 590
N 124.10945487 589 590
N 74.4074099483 589 590
N 86.2832302844 662 663
N 138.222214169 662 663
N 137.404851511 662 663
N 123.737477055 662 663
N 93.3189152045 662 663
N 98.3395760721 665 666
N 140.902096503 665 666
N 170.664496135 665 666
N 120.116378629 665 666
N 34.6577659751 665 666
