C 44.2580551399 36 37
C 109.658381077 36 37
C 156.623217565 36 37
C 137.21733536 36 37
C 111.364802113 36 37
C 57.7831675038 43 44
C 103.374906442 43 44
C 139.638856313 43 44
C 129.227804755 43 44
C 107.41613169 43 44
C 50.2213241775 178 179
C 101.328352737 178 179
C 153.897414633 178 179
C 139.480161847 178 179
C 111.357928058 178 179
C 54.8675335874 185 186
C 102.013062397 185 186
C 139.584384381 185 186
C 130.63981961 185 186
C 107.170143367 185 186
C 82.6054962359 184 185
C 115.980035454 184 185
C 138.950919917 184 185
C 137.564456569 184 185
C 95.6181423591 184 185
C 69.9485979178 189 190
C 135.55773699 189 190
C 164.125049694 189 190
C 137.350780469 189 190
C 79.6061028396 189 190
C 75.9698916014 262 263
C 116.380561244 262 263
C 135.760597016 262 263
C 134.646054176 262 263
C 112.000911717 262 263
C 58.8860226763 265 266
C 121.07039297 265 266
C 164.221237062 265 266
C 170.62080253 265 266
C 36.3544004251 265 266
C 47.166559498 436 437
C 103.968949734 436 437
C 154.48870184 436 437
C 137.893597648 436 437
C 112.183247461 436 437
C 55.8506424136 443 444
C 100.620198702 443 444
C 141.252339774 443 444
C 130.066182395 443 444
C 109.046516395 443 444
C 32.4746378532 493 494
C 138.350095101 493 494
C 164.303966978 493 494
C 154.776647025 493 494
C 49.9090410614 493 494
C 74.8050917012 496 497
C 108.806646078 496 497
C 131.112488459 496 497
C 131.434762739 496 497
C 106.140321539 496 497
C 49.5395394585 578 579
C 101.247705603 578 579
C 151.876536789 578 579
C 137.958596429 578 579
C 110.622110511 578 579
C 55.2832388481 585 586
C 92.8797714695 585 586
C 132.043987879 585 586
C 129.546542037 585 586
C 108.443282163 585 586
C 89.2295914044 584 585
C 118.570437841 584 585
C 136.387880631 584 585
C 136.866134702 584 585
C 106.16950003 584 585
C 71.4476895485 589 590
C 120.295960191 589 590
C 159.113317186 589 590
C 136.557012683 589 590
C 82.7282085576 589 590
C 78.9740324967 662 663
C 119.626001881 662 663
C 139.621836454 662 663
C 137.719628884 662 663
C 110.265711668 662 663
C 60.9384255312 665 666
C 123.831794788 665 666
C 166.416389333 665 666
C 170.948440317 665 666
C 16.4035727265 665 666
