Ca 86.0431359917 171 172
Ca 134.841545564 171 172
Ca 176.069045343 171 172
Ca 132.707636001 171 172
Ca 94.3621399476 171 172
Ca 82.8282640708 175 176
Ca 133.197299649 175 176
Ca 175.399605702 175 176
Ca 134.894770194 175 176
Ca 69.8310084084 175 176
Ca 99.211063003 260 261
Ca 123.624514005 260 261
Ca 133.758768369 260 261
Ca 122.048045026 260 261
Ca 97.6612486155 260 261
Ca 98.552977587 262 263
Ca 119.067622742 262 263
Ca 131.317324465 262 263
Ca 116.211238776 262 263
Ca 73.6642820183 262 263
Ca 98.552977587 262 263
Ca 119.067622742 262 263
Ca 131.317324465 262 263
Ca 116.211238776 262 263
Ca 73.6642820183 262 263
Ca 100.763635884 267 268
Ca 130.487302237 267 268
Ca 162.126680245 267 268
Ca 129.244417496 267 268
Ca 92.7934465199 267 268
Ca 44.6189748797 300 301
Ca 127.713429758 300 301
Ca 149.763819515 300 301
Ca 126.621288317 300 301
Ca 78.9616533345 300 301
Ca 90.5781641355 305 306
Ca 125.361091151 305 306
Ca 153.158741622 305 306
Ca 130.734656214 305 306
Ca 81.8043415279 305 306
Ca 80.1871201653 333 334
Ca 114.626064068 333 334
Ca 128.940429593 333 334
Ca 117.611454539 333 334
Ca 86.6447135665 333 334
Ca 96.9091074893 336 337
Ca 118.797242412 336 337
Ca 128.834246445 336 337
Ca 117.772644322 336 337
Ca 91.451204102 336 337
Ca 55.3538349274 350 351
Ca 96.4991131941 350 351
Ca 114.756246444 350 351
Ca 105.916266104 350 351
Ca 83.4297678321 350 351
Ca 81.3488022985 356 357
Ca 127.626580783 356 357
Ca 150.516870988 356 357
Ca 123.257055246 356 357
Ca 78.4903259868 356 357
Ca 75.6717750982 366 367
Ca 115.774018003 366 367
Ca 130.166048762 366 367
Ca 119.457829295 366 367
Ca 91.565700495 366 367
Ca 85.9443182511 171 172
Ca 134.215469826 171 172
Ca 177.603776329 171 172
Ca 133.395319944 171 172
Ca 95.8356869524 171 172
Ca 83.9685091444 175 176
Ca 132.918035652 175 176
Ca 175.611657669 175 176
Ca 135.224967347 175 176
Ca 69.4574050314 175 176
Ca 100.585484023 194 195
Ca 124.737857771 194 195
Ca 135.549771066 194 195
Ca 122.944975023 194 195
Ca 96.9719748295 194 195
Ca 89.4569312145 197 198
Ca 124.795032385 197 198
Ca 152.5744261 197 198
Ca 125.31590898 197 198
Ca 70.7185131127 197 198
Ca 43.5571263021 300 301
Ca 128.216927589 300 301
Ca 150.058461255 300 301
Ca 126.879286527 300 301
Ca 79.5759828672 300 301
Ca 89.5847904965 305 306
Ca 125.377023179 305 306
Ca 152.974300185 305 306
Ca 130.647430227 305 306
Ca 77.3569793546 305 306
Ca 54.7521484041 350 351
Ca 95.2082921104 350 351
Ca 113.70802965 350 351
Ca 105.951386231 350 351
Ca 84.9755611522 350 351
Ca 79.362519918 356 357
Ca 127.577823858 356 357
Ca 149.203600377 356 357
Ca 123.314471877 356 357
Ca 77.6657724586 356 357
Ca 70.5536333629 939 940
Ca 126.298121294 939 940
Ca 150.625443638 939 940
Ca 126.4023266 939 940
Ca 69.1487000615 939 940
Ca 98.1732886414 942 943
Ca 121.463991356 942 943
Ca 132.682653313 942 943
Ca 120.689230692 942 943
Ca 91.5818812646 942 943
