N 71.1999014028 171 172
N 133.955551724 171 172
N 173.510173988 171 172
N 132.869636836 171 172
N 58.8916888096 171 172
N 81.8746196088 175 176
N 142.547671758 175 176
N 162.056847917 175 176
N 138.795839694 175 176
N 44.8016394476 175 176
N 113.476855226 260 261
N 140.360136883 260 261
N 136.715056453 260 261
N 110.429746932 260 261
N 75.0791110779 260 261
N 106.828470716 262 263
N 134.657976789 262 263
N 136.120216931 262 263
N 110.192898812 262 263
N 63.4242022048 262 263
N 106.828470716 262 263
N 134.657976789 262 263
N 136.120216931 262 263
N 110.192898812 262 263
N 63.4242022048 262 263
N 102.623322172 267 268
N 131.717674817 267 268
N 164.664971668 267 268
N 123.178805683 267 268
N 53.7636216137 267 268
N 38.5082909497 300 301
N 159.135790383 300 301
N 159.868102171 300 301
N 134.931200976 300 301
N 65.6118502028 300 301
N 99.0493112449 305 306
N 143.219341333 305 306
N 159.893967637 305 306
N 126.249812071 305 306
N 40.7310798158 305 306
N 83.9114871374 333 334
N 126.922955526 333 334
N 138.117023518 333 334
N 125.532994228 333 334
N 90.5092936861 333 334
N 109.035384241 336 337
N 140.029889052 336 337
N 137.066358141 336 337
N 116.19418747 336 337
N 80.4309139921 336 337
N 76.8405389529 350 351
N 140.296142397 350 351
N 149.612644335 350 351
N 132.26854412 350 351
N 106.379931446 350 351
N 86.4629020441 356 357
N 142.385849403 356 357
N 157.761450651 356 357
N 127.292067644 356 357
N 69.7295696801 356 357
N 69.2920449177 366 367
N 139.97993652 366 367
N 139.165858077 366 367
N 125.862551911 366 367
N 93.4059905154 366 367
N 73.6652125869 171 172
N 133.902561372 171 172
N 171.354125599 171 172
N 133.75317481 171 172
N 62.8358279506 171 172
N 82.74910067 175 176
N 143.005031981 175 176
N 162.67914176 175 176
N 143.193012228 175 176
N 39.8918933489 175 176
N 109.900496748 194 195
N 138.204190185 194 195
N 132.619698993 194 195
N 106.112376654 194 195
N 71.3006502511 194 195
N 71.9656618566 197 198
N 140.774567219 197 198
N 157.63698895 197 198
N 157.988015342 197 198
N 31.8964660819 197 198
N 41.2051863624 300 301
N 158.602435469 300 301
N 160.241880548 300 301
N 135.236552058 300 301
N 65.6254377187 300 301
N 97.3972786809 305 306
N 143.506774692 305 306
N 160.949648115 305 306
N 135.125651056 305 306
N 33.6911338402 305 306
N 77.8198291471 350 351
N 142.114556203 350 351
N 151.86361664 350 351
N 132.705984862 350 351
N 106.783333186 350 351
N 85.9053231341 356 357
N 141.086144398 356 357
N 155.114578156 356 357
N 131.406184991 356 357
N 73.4743392613 356 357
N 86.4538898667 939 940
N 145.807607222 939 940
N 154.498907026 939 940
N 129.698862058 939 940
N 60.4713411715 939 940
N 108.65436261 942 943
N 141.518857293 942 943
N 138.961524257 942 943
N 111.47809259 942 943
N 71.2556917456 942 943
