C 47.2861519679 171 172
C 105.683879962 171 172
C 148.554541056 171 172
C 132.59162016 171 172
C 109.086085682 171 172
C 56.0451933292 175 176
C 140.213956567 175 176
C 176.745693853 175 176
C 153.054414312 175 176
C 53.7060513431 175 176
C 79.1351724943 260 261
C 108.351788008 260 261
C 129.2267218 260 261
C 130.591618078 260 261
C 109.236065599 260 261
C 94.7595808047 262 263
C 131.241504222 262 263
C 151.675712354 262 263
C 147.670508511 262 263
C 77.6856529158 262 263
C 94.7595808047 262 263
C 131.241504222 262 263
C 151.675712354 262 263
C 147.670508511 262 263
C 77.6856529158 262 263
C 75.5271348669 267 268
C 118.046075132 267 268
C 150.952296521 267 268
C 135.836283673 267 268
C 89.0357471122 267 268
C 38.3592060245 300 301
C 136.400476878 300 301
C 158.896893209 300 301
C 156.120251016 300 301
C 44.9809169185 300 301
C 81.5379904838 305 306
C 131.786134235 305 306
C 159.173867498 305 306
C 144.261676315 305 306
C 52.5941593811 305 306
C 66.5136327725 333 334
C 124.017957729 333 334
C 141.966535138 333 334
C 131.593491942 333 334
C 82.296425504 333 334
C 90.0004569601 336 337
C 116.310110216 336 337
C 130.774882443 336 337
C 130.678411076 336 337
C 101.133020311 336 337
C 96.0874698561 350 351
C 130.920158894 350 351
C 146.26025277 350 351
C 133.495710481 350 351
C 104.157537014 350 351
C 28.1592678506 356 357
C 139.421860621 356 357
C 169.16282459 356 357
C 148.484954429 356 357
C 39.2804858419 356 357
C 66.5273486407 366 367
C 123.668104427 366 367
C 142.412017505 366 367
C 136.788069025 366 367
C 105.519334597 366 367
C 45.1334576413 171 172
C 107.125701346 171 172
C 148.220092112 171 172
C 130.265727742 171 172
C 108.354768133 171 172
C 59.8234335738 175 176
C 139.603601883 175 176
C 177.829050212 175 176
C 154.092597389 175 176
C 52.2508936563 175 176
C 79.1871946355 194 195
C 108.961572792 194 195
C 132.294064929 194 195
C 128.959398129 194 195
C 109.173238562 194 195
C 78.6618211583 197 198
C 134.788036037 197 198
C 163.199243979 197 198
C 148.395834446 197 198
C 43.0516070341 197 198
C 39.3014019522 300 301
C 135.750101497 300 301
C 158.88040812 300 301
C 156.153016619 300 301
C 46.9655619406 300 301
C 80.9195824373 305 306
C 133.517593585 305 306
C 160.630383563 305 306
C 146.951182078 305 306
C 47.8126924191 305 306
C 96.5129435918 350 351
C 131.852482511 350 351
C 146.513292371 350 351
C 133.260168524 350 351
C 106.105856119 350 351
C 10.6798846185 356 357
C 173.843410641 356 357
C 166.975538278 356 357
C 149.95555758 356 357
C 42.6741788184 356 357
C 8.77587838389 939 940
C 161.108500568 939 940
C 170.4391759 939 940
C 159.557060004 939 940
C 43.4424094294 939 940
C 86.1392029004 942 943
C 115.043356866 942 943
C 134.518180253 942 943
C 133.433691598 942 943
C 101.366517985 942 943
