N 73.4337437877 38 39
N 160.88675603 38 39
N 175.349560919 38 39
N 146.325563741 38 39
N 53.2063126024 38 39
N 105.864357467 41 42
N 140.11201617 41 42
N 138.285706786 41 42
N 106.851864194 41 42
N 67.0682928905 41 42
N 74.2596430074 167 168
N 142.844120634 167 168
N 154.045481503 167 168
N 150.969968087 167 168
N 8.65909737657 167 168
N 107.354319533 170 171
N 138.66036731 170 171
N 137.221537112 170 171
N 112.413986593 170 171
N 70.7733755016 170 171
N 62.6883103951 200 201
N 136.823227819 200 201
N 153.223491405 200 201
N 129.453138659 200 201
N 72.2306098325 200 201
N 82.6733732666 205 206
N 143.497277178 205 206
N 159.49003676 205 206
N 124.66934745 205 206
N 63.7789941503 205 206
N 104.287522826 293 294
N 141.583756858 293 294
N 143.902830164 293 294
N 95.711748821 293 294
N 37.2603407275 293 294
N 90.571392154 298 299
N 138.628339148 298 299
N 133.170935387 298 299
N 110.369412715 298 299
N 75.832343867 298 299
