Ca 67.5011636736 38 39
Ca 141.450722236 38 39
Ca 162.00482459 38 39
Ca 131.466714459 38 39
Ca 71.3206352847 38 39
Ca 98.0981597314 41 42
Ca 124.256000602 41 42
Ca 137.340226315 41 42
Ca 123.955475957 41 42
Ca 95.7329446803 41 42
Ca 79.6643277626 167 168
Ca 126.151305574 167 168
Ca 155.901532937 167 168
Ca 137.664086982 167 168
Ca 68.2753154416 167 168
Ca 98.0023886516 170 171
Ca 120.106052868 170 171
Ca 130.424696938 170 171
Ca 118.127766201 170 171
Ca 90.2259714738 170 171
Ca 69.8116174676 200 201
Ca 123.02094484 200 201
Ca 140.195539367 200 201
Ca 121.613664714 200 201
Ca 77.6288654514 200 201
Ca 78.8178353359 205 206
Ca 129.166208333 205 206
Ca 157.355353259 205 206
Ca 126.929918534 205 206
Ca 81.9388311375 205 206
Ca 95.6689552368 293 294
Ca 125.946792499 293 294
Ca 151.544024406 293 294
Ca 128.207507666 293 294
Ca 80.3387223728 293 294
Ca 94.2068780251 298 299
Ca 120.053634959 298 299
Ca 130.794507148 298 299
Ca 119.109421324 298 299
Ca 92.1116173472 298 299
