C 33.8894903738 38 39
C 151.680328846 38 39
C 169.253226466 38 39
C 168.149735158 38 39
C 22.1255120547 38 39
C 80.6416690835 41 42
C 111.606279574 41 42
C 132.955480082 41 42
C 125.840350625 41 42
C 93.1887109951 41 42
C 74.1501655854 167 168
C 145.804112657 167 168
C 170.653340465 167 168
C 172.22395894 167 168
C 49.84872429 167 168
C 89.6758783231 170 171
C 117.392881651 170 171
C 134.389772577 170 171
C 128.768172176 170 171
C 95.0896092639 170 171
C 64.6012599901 200 201
C 136.254269822 200 201
C 158.588036124 200 201
C 152.26830771 200 201
C 51.9220964899 200 201
C 27.1874083837 205 206
C 139.194957337 205 206
C 175.371759987 205 206
C 164.221595336 205 206
C 22.7222192782 205 206
C 67.9781817338 293 294
C 118.341701508 293 294
C 166.718517141 293 294
C 162.465754438 293 294
C 31.3026481843 293 294
C 85.2611699233 298 299
C 114.766626957 298 299
C 132.876054049 298 299
C 132.263903073 298 299
C 95.1533537449 298 299
