C 92.2796971121 28 29
C 134.363867147 28 29
C 160.690403212 28 29
C 174.549270384 28 29
C 41.4657941732 28 29
C 33.5154810725 33 34
C 130.761515287 33 34
C 172.246230461 33 34
C 147.874939703 33 34
C 42.2627829424 33 34
C 71.9706514904 245 246
C 117.856883246 245 246
C 137.282412383 245 246
C 130.709525804 245 246
C 86.3205845757 245 246
C 22.347460915 250 251
C 153.533162636 250 251
C 172.384438786 250 251
C 168.352641101 250 251
C 10.1122641314 250 251
C 85.6754313272 299 300
C 114.379615406 299 300
C 130.522455621 299 300
C 127.421898236 299 300
C 95.8417474491 299 300
C 29.8887012509 304 305
C 151.392470123 304 305
C 162.307410837 304 305
C 150.14248749 304 305
C 65.4912796394 304 305
C 93.8889966984 28 29
C 135.868222915 28 29
C 161.269088938 28 29
C 175.07928498 28 29
C 40.3589371669 28 29
C 34.2537897338 33 34
C 134.277412426 33 34
C 169.700806155 33 34
C 146.672238061 33 34
C 52.1848325114 33 34
C 71.8759056018 245 246
C 117.903865404 245 246
C 136.555951108 245 246
C 128.647906064 245 246
C 82.4479316377 245 246
C 27.9283453176 250 251
C 146.552511882 250 251
C 170.995540157 250 251
C 171.128405993 250 251
C 6.40068180362 250 251
C 73.4655085031 275 276
C 122.291947565 275 276
C 156.50556488 275 276
C 164.073506225 275 276
C 39.4036684485 275 276
C 83.121164903 280 281
C 128.957408152 280 281
C 165.50469082 280 281
C 144.06667195 280 281
C 56.90260397 280 281
