N 58.1348033996 28 29
N 117.483157149 28 29
N 138.847412538 28 29
N 115.634784722 28 29
N 56.6324780179 28 29
N 88.2648105077 33 34
N 147.081302072 33 34
N 165.308985256 33 34
N 128.92847953 33 34
N 62.4655539187 33 34
N 66.1931256272 245 246
N 135.252402927 245 246
N 138.996781016 245 246
N 127.332802889 245 246
N 98.4903443874 245 246
N 90.2183663158 250 251
N 135.418405098 250 251
N 148.048896574 250 251
N 124.086583041 250 251
N 73.1962657388 250 251
N 102.342605176 299 300
N 140.301246047 299 300
N 145.571086511 299 300
N 120.350386011 299 300
N 63.2578812831 299 300
N 85.1124012137 304 305
N 140.25123403 304 305
N 148.318613774 304 305
N 124.664753376 304 305
N 80.5734383237 304 305
N 59.3249759279 28 29
N 120.139776748 28 29
N 138.534174815 28 29
N 113.827068136 28 29
N 58.4056441297 28 29
N 86.707305442 33 34
N 146.51199022 33 34
N 165.028264236 33 34
N 128.639153663 33 34
N 64.7078382064 33 34
N 61.8731598059 245 246
N 136.182850994 245 246
N 139.316279536 245 246
N 126.416890744 245 246
N 97.7498772207 245 246
N 92.2910364669 250 251
N 136.393324528 250 251
N 148.043286008 250 251
N 123.429435039 250 251
N 72.0372853024 250 251
N 101.677554968 275 276
N 141.279238528 275 276
N 142.856281969 275 276
N 99.3515502117 275 276
N 30.606303231 275 276
N 108.318953387 280 281
N 140.094937381 280 281
N 138.799913406 280 281
N 99.7260537286 280 281
N 45.8796618515 280 281
