Ca 89.0376349718 28 29
Ca 119.708059258 28 29
Ca 136.377898328 28 29
Ca 119.911427463 28 29
Ca 68.802948037 28 29
Ca 79.6750984858 33 34
Ca 132.618490204 33 34
Ca 160.803901999 33 34
Ca 127.434448044 33 34
Ca 77.241052101 33 34
Ca 78.9253933229 245 246
Ca 116.029560209 245 246
Ca 130.766375521 245 246
Ca 121.453662085 245 246
Ca 94.5905172519 245 246
Ca 80.9866694032 250 251
Ca 123.934812575 250 251
Ca 145.63718576 250 251
Ca 122.254748671 250 251
Ca 80.7022919993 250 251
Ca 95.7316911639 299 300
Ca 121.656146788 299 300
Ca 132.279750964 299 300
Ca 118.254063275 299 300
Ca 85.8999041216 299 300
Ca 79.1421231391 304 305
Ca 123.334238058 304 305
Ca 138.893953193 304 305
Ca 118.60374406 304 305
Ca 82.3260727261 304 305
Ca 89.7397976158 28 29
Ca 120.014432639 28 29
Ca 136.336106693 28 29
Ca 119.781564856 28 29
Ca 67.6374823315 28 29
Ca 81.5155923087 33 34
Ca 132.908775687 33 34
Ca 160.854767729 33 34
Ca 127.234575248 33 34
Ca 78.1608508981 33 34
Ca 77.3143075052 245 246
Ca 115.639055973 245 246
Ca 130.900488324 245 246
Ca 121.517226172 245 246
Ca 93.8834533101 245 246
Ca 82.4462852729 250 251
Ca 125.519073111 250 251
Ca 146.792860853 250 251
Ca 123.400114999 250 251
Ca 80.8561374517 250 251
Ca 93.6636314153 275 276
Ca 122.250469879 275 276
Ca 143.459911003 275 276
Ca 125.407632602 275 276
Ca 69.4094702717 275 276
Ca 96.9948525169 280 281
Ca 120.94321005 280 281
Ca 139.677283785 280 281
Ca 122.919352856 280 281
Ca 75.8612241264 280 281
