Ca 89.1450664739 201 202
Ca 117.648242854 201 202
Ca 132.652592258 201 202
Ca 116.67252556 201 202
Ca 66.8910133771 201 202
Ca 2.82018987295 206 207
Ca 130.28327988 206 207
Ca 169.057485332 206 207
Ca 130.823752819 206 207
Ca 90.3968963685 206 207
Ca 77.3064474825 281 282
Ca 127.777843858 281 282
Ca 149.866790996 281 282
Ca 132.918595225 281 282
Ca 71.500080604 281 282
Ca 98.1522406757 284 285
Ca 8.23243302118 284 285
Ca 8.41949110613 284 285
Ca 4.27328726285 284 285
Ca 2.85461176987 284 285
Ca 89.1576978821 201 202
Ca 117.6638772 201 202
Ca 132.708949804 201 202
Ca 116.660606675 201 202
Ca 66.4961259307 201 202
Ca 84.6804917015 206 207
Ca 131.455077029 206 207
Ca 169.395082585 206 207
Ca 130.095747602 206 207
Ca 88.9988085456 206 207
Ca 81.341097108 281 282
Ca 128.271045176 281 282
Ca 151.875848148 281 282
Ca 133.045489843 281 282
Ca 71.5808239954 281 282
Ca 98.1641989818 284 285
Ca 124.468993301 284 285
Ca 135.476436119 284 285
Ca 122.617698807 284 285
Ca 95.4180367902 284 285
Ca 88.1028342139 201 202
Ca 117.360150473 201 202
Ca 132.578098149 201 202
Ca 116.565919395 201 202
Ca 67.9820103743 201 202
Ca 84.7025068451 206 207
Ca 130.833302563 206 207
Ca 169.547097654 206 207
Ca 130.62088814 206 207
Ca 89.2301010222 206 207
Ca 77.8714039491 281 282
Ca 128.055747482 281 282
Ca 150.622482047 281 282
Ca 133.494158351 281 282
Ca 71.2064016197 281 282
Ca 98.4272979435 284 285
Ca 124.792014407 284 285
Ca 135.785093121 284 285
Ca 122.601494031 284 285
Ca 94.8504421301 284 285
Ca 76.2319847583 281 282
Ca 128.074951569 281 282
Ca 150.329859586 281 282
Ca 132.963600564 281 282
Ca 72.1193341595 281 282
Ca 97.8057181553 284 285
Ca 124.574258055 284 285
Ca 135.836165086 284 285
Ca 122.676553581 284 285
Ca 94.8277263928 284 285
Ca 4.5060271478 313 314
Ca 9.01409879874 313 314
Ca 166.545259265 313 314
Ca 129.691792154 313 314
Ca 76.2690256238 313 314
Ca 77.518276479 318 319
Ca 132.488663027 318 319
Ca 165.416516033 318 319
Ca 130.933877845 318 319
Ca 75.2819523991 318 319
Ca 86.7892999318 201 202
Ca 116.705216133 201 202
Ca 132.260967655 201 202
Ca 116.782018597 201 202
Ca 68.2876994569 201 202
Ca 83.9968971925 206 207
Ca 130.432203266 206 207
Ca 169.594571911 206 207
Ca 130.160671443 206 207
Ca 89.7736212387 206 207
Ca 88.8033330612 201 202
Ca 117.359981495 201 202
Ca 132.391602816 201 202
Ca 116.421903893 201 202
Ca 67.7445804315 201 202
Ca 84.0976281461 206 207
Ca 130.794000082 206 207
Ca 169.393800018 206 207
Ca 130.043191047 206 207
Ca 89.4003114968 206 207
Ca 76.9318183191 281 282
Ca 128.321726597 281 282
Ca 150.761702703 281 282
Ca 133.435971521 281 282
Ca 71.2552678848 281 282
Ca 98.3411022384 284 285
Ca 124.480291903 284 285
Ca 135.425470758 284 285
Ca 122.58181008 284 285
Ca 95.3858128996 284 285
Ca 74.462660924 313 314
Ca 135.296588989 313 314
Ca 174.23139519 313 314
Ca 139.621959169 313 314
Ca 65.2559047202 313 314
Ca 80.8537572941 318 319
Ca 133.315519956 318 319
Ca 163.103940925 318 319
Ca 128.760412198 318 319
Ca 71.331390784 318 319
Ca 77.3762108617 281 282
Ca 128.580715489 281 282
Ca 151.293372438 281 282
Ca 133.619594674 281 282
Ca 71.7515843127 281 282
Ca 98.1532123105 284 285
Ca 124.508424271 284 285
Ca 135.530019128 284 285
Ca 122.552110419 284 285
Ca 95.1231042935 284 285
Ca 100.517382233 295 296
Ca 123.864320858 295 296
Ca 135.019098119 295 296
Ca 123.3497558 295 296
Ca 99.1398178711 295 296
Ca 91.3658671838 298 299
Ca 125.230935094 298 299
Ca 154.46630891 298 299
Ca 129.438786778 298 299
Ca 61.3560873226 298 299
Ca 65.2559398861 313 314
Ca 138.645198763 313 314
Ca 175.718052858 313 314
Ca 137.94578212 313 314
Ca 68.6127977834 313 314
Ca 79.7383719378 318 319
Ca 134.09895016 318 319
Ca 166.102593997 318 319
Ca 129.966769005 318 319
Ca 70.9690892819 318 319
Ca 76.5206002989 281 282
Ca 128.393806306 281 282
Ca 150.981355779 281 282
Ca 133.614692856 281 282
Ca 71.3319890077 281 282
Ca 96.3597365166 288 289
Ca 121.172519159 288 289
Ca 131.963942598 288 289
Ca 118.481052934 288 289
Ca 89.9871658957 288 289
Ca 78.3534794522 281 282
Ca 127.239174087 281 282
Ca 148.789710728 281 282
Ca 132.144514484 281 282
Ca 71.6483607115 281 282
Ca 92.6312706015 289 290
Ca 119.883322409 289 290
Ca 132.170377023 289 290
Ca 119.906755483 289 290
Ca 95.6928482797 289 290
Ca 77.0017269019 281 282
Ca 128.271741454 281 282
Ca 150.954953009 281 282
Ca 133.618728928 281 282
Ca 71.4219405606 281 282
Ca 97.9944743043 284 285
Ca 124.339476127 284 285
Ca 135.375605096 284 285
Ca 122.376154433 284 285
Ca 94.7642402191 284 285
Ca 76.831960052 281 282
Ca 128.225796685 281 282
Ca 150.549026599 281 282
Ca 133.06433475 281 282
Ca 71.886805298 281 282
Ca 97.8468413873 284 285
Ca 124.394099782 284 285
Ca 135.445209573 284 285
Ca 122.283005107 284 285
Ca 94.3221572837 284 285
Ca 77.1902266484 281 282
Ca 128.322878356 281 282
Ca 150.921996798 281 282
Ca 133.692553193 281 282
Ca 71.036326737 281 282
Ca 97.9432559626 284 285
Ca 124.566057159 284 285
Ca 135.684420625 284 285
Ca 122.590247012 284 285
Ca 95.0098407888 284 285
Ca 100.131649627 295 296
Ca 123.644468179 295 296
Ca 134.693461793 295 296
Ca 123.063855718 295 296
Ca 98.9852662918 295 296
Ca 91.6537711565 298 299
Ca 125.554668952 298 299
Ca 154.898964286 298 299
Ca 129.753870784 298 299
Ca 60.9483004098 298 299
