C 93.8542959107 201 202
C 135.404406662 201 202
C 160.70327552 201 202
C 164.368482873 201 202
C 48.8898301442 201 202
C 42.2031662292 206 207
C 128.397187648 206 207
C 147.038397776 206 207
C 120.189862491 206 207
C 88.4191794247 206 207
C 59.0643045255 281 282
C 146.252471256 281 282
C 166.008676735 281 282
C 147.347218571 281 282
C 72.3342898337 281 282
C 178.571863858 284 285
C 178.215076868 284 285
C 178.786990308 284 285
C 178.74885564 284 285
C 178.588600778 284 285
C 93.9455641329 201 202
C 135.359364757 201 202
C 160.453807021 201 202
C 164.68811491 201 202
C 48.3226785384 201 202
C 39.238386909 206 207
C 129.001318024 206 207
C 146.37723411 206 207
C 119.301282942 206 207
C 87.2628900439 206 207
C 56.8922214583 281 282
C 153.430889414 281 282
C 166.458197978 281 282
C 147.492541162 281 282
C 72.6517353844 281 282
C 77.0922568014 284 285
C 106.39058861 284 285
C 127.761791873 284 285
C 129.919112241 284 285
C 105.363681735 284 285
C 92.540626537 201 202
C 134.81846872 201 202
C 160.426135283 201 202
C 163.590674985 201 202
C 48.083114803 201 202
C 40.6694028902 206 207
C 130.698807961 206 207
C 147.186368281 206 207
C 120.149285613 206 207
C 87.8565626363 206 207
C 59.5706972914 281 282
C 145.790413601 281 282
C 165.380861435 281 282
C 146.392257076 281 282
C 72.129848132 281 282
C 77.410504821 284 285
C 106.69261203 284 285
C 128.071402463 284 285
C 129.871635475 284 285
C 104.881609492 284 285
C 55.5233898445 281 282
C 148.723389941 281 282
C 167.84652508 281 282
C 148.515816371 281 282
C 73.2212575074 281 282
C 76.570711765 284 285
C 106.460880236 284 285
C 128.508135191 284 285
C 130.297509823 284 285
C 105.285097847 284 285
C 7.17152985274 313 314
C 110.885696005 313 314
C 142.427116511 313 314
C 164.951017442 313 314
C 36.8654421675 313 314
C 29.7788901774 318 319
C 163.147178156 318 319
C 166.190817708 318 319
C 149.970974436 318 319
C 48.9435329593 318 319
C 90.0767631125 201 202
C 135.648482509 201 202
C 162.524574386 201 202
C 163.437510571 201 202
C 47.5074759051 201 202
C 40.2364125081 206 207
C 125.323558506 206 207
C 146.243595284 206 207
C 119.148066716 206 207
C 87.0230607537 206 207
C 93.6196136536 201 202
C 135.730795278 201 202
C 161.263271175 201 202
C 165.401132708 201 202
C 46.7526633247 201 202
C 38.0961970885 206 207
C 128.79264092 206 207
C 146.718568553 206 207
C 119.149132094 206 207
C 87.4659559556 206 207
C 55.6544400041 281 282
C 148.168899288 281 282
C 166.949937365 281 282
C 147.678455241 281 282
C 72.6054629921 281 282
C 77.4647280694 284 285
C 106.632714708 284 285
C 127.872985306 284 285
C 130.046409576 284 285
C 105.376209973 284 285
C 41.8149136539 313 314
C 133.713074458 313 314
C 165.095767258 313 314
C 157.765759569 313 314
C 48.4419066512 313 314
C 25.8584528222 318 319
C 130.371158942 318 319
C 170.002036975 318 319
C 168.421207812 318 319
C 4.43091031044 318 319
C 56.890359742 281 282
C 146.911168947 281 282
C 165.604123781 281 282
C 146.130769831 281 282
C 73.2433646038 281 282
C 76.8631456118 284 285
C 106.374390113 284 285
C 128.070191957 284 285
C 130.27420307 284 285
C 105.346573195 284 285
C 77.4464553684 295 296
C 106.328559564 295 296
C 128.680298216 295 296
C 127.901171782 295 296
C 110.069055923 295 296
C 81.1660045285 298 299
C 136.544145816 298 299
C 167.019549214 298 299
C 168.71420045 298 299
C 24.7736002694 298 299
C 32.9544396847 313 314
C 136.99799986 313 314
C 167.864870704 313 314
C 160.960685993 313 314
C 46.9980184769 313 314
C 27.8486749025 318 319
C 128.790965549 318 319
C 169.634011233 318 319
C 167.404005686 318 319
C 3.14781489039 318 319
C 56.5286001891 281 282
C 147.39873824 281 282
C 166.835801351 281 282
C 147.618873618 281 282
C 72.4113571815 281 282
C 83.4354731845 288 289
C 111.715556235 288 289
C 129.368438635 288 289
C 127.237847722 288 289
C 100.984131483 288 289
C 61.6194265001 281 282
C 144.862063738 281 282
C 164.759715741 281 282
C 146.804868946 281 282
C 72.5545455343 281 282
C 73.9341814149 289 290
C 105.717428587 289 290
C 128.502212186 289 290
C 128.974865696 289 290
C 109.148950428 289 290
C 57.9131285614 281 282
C 146.708342784 281 282
C 166.233755705 281 282
C 147.492926181 281 282
C 72.5635273773 281 282
C 77.1068133259 284 285
C 106.720542392 284 285
C 128.367848079 284 285
C 130.323936637 284 285
C 104.863488434 284 285
C 56.2595826414 281 282
C 147.863509838 281 282
C 166.797769373 281 282
C 147.074152109 281 282
C 73.7126973358 281 282
C 76.8825138425 284 285
C 106.643518242 284 285
C 128.37488205 284 285
C 130.305579121 284 285
C 104.533507997 284 285
C 57.0101511319 281 282
C 147.343397527 281 282
C 166.568846753 281 282
C 147.29755246 281 282
C 72.1937108904 281 282
C 76.3698379773 284 285
C 106.193557461 284 285
C 128.351438743 284 285
C 130.409326923 284 285
C 105.544602595 284 285
C 77.132155828 295 296
C 106.018853986 295 296
C 127.982199381 295 296
C 127.557164007 295 296
C 109.846428798 295 296
C 80.838051037 298 299
C 136.083072994 298 299
C 167.308572741 298 299
C 169.319995601 298 299
C 25.4369113325 298 299
