N 62.8444529497 201 202
N 117.897590962 201 202
N 137.596206042 201 202
N 109.980029882 201 202
N 56.0387025421 201 202
N 2.23821607235 206 207
N 4.47601593524 206 207
N 153.784360632 206 207
N 139.292365229 206 207
N 63.1795799789 206 207
N 81.8104916456 281 282
N 126.368945124 281 282
N 149.721964629 281 282
N 128.763624731 281 282
N 47.6498271705 281 282
N 95.7485353592 284 285
N 124.980340216 284 285
N 5.17013007953 284 285
N 5.32197757144 284 285
N 2.63353133801 284 285
N 63.1296725187 201 202
N 117.983179127 201 202
N 137.975741546 201 202
N 110.363801012 201 202
N 55.6592909106 201 202
N 86.8207901215 206 207
N 141.936136833 206 207
N 154.316874988 206 207
N 137.865674296 206 207
N 59.7758642212 206 207
N 81.4971682866 281 282
N 122.950828078 281 282
N 146.10510277 281 282
N 126.408327117 281 282
N 47.4579206148 281 282
N 95.5269386767 284 285
N 124.620191465 284 285
N 134.818179299 284 285
N 105.957087217 284 285
N 68.9343103118 284 285
N 60.831716801 201 202
N 117.807241916 201 202
N 138.042879369 201 202
N 111.018534838 201 202
N 57.7888211019 201 202
N 86.3783083962 206 207
N 140.338867253 206 207
N 153.781153232 206 207
N 139.655656156 206 207
N 60.0715820216 206 207
N 82.2265489579 281 282
N 126.154242727 281 282
N 149.902267026 281 282
N 129.394591854 281 282
N 46.1423631252 281 282
N 95.4350846122 284 285
N 124.840287195 284 285
N 135.599582044 284 285
N 105.732705704 284 285
N 67.5574538331 284 285
N 80.7708879481 281 282
N 126.359697745 281 282
N 149.44570391 281 282
N 128.195190658 281 282
N 48.6373455993 281 282
N 95.5016623003 284 285
N 125.221406182 284 285
N 136.084366789 284 285
N 106.002813324 284 285
N 67.3470245117 284 285
N 2.87519714315 313 314
N 2.8278034629 313 314
N 5.52121716487 313 314
N 112.671424603 313 314
N 25.2637522814 313 314
N 90.8562398769 318 319
N 141.506389493 318 319
N 158.576394884 318 319
N 135.098472578 318 319
N 59.6198400062 318 319
N 64.2160540803 201 202
N 118.916271584 201 202
N 137.458449519 201 202
N 109.499789306 201 202
N 57.8170950774 201 202
N 84.7404720787 206 207
N 140.583079471 206 207
N 153.971707685 206 207
N 136.874910292 206 207
N 62.9770329813 206 207
N 62.4824286873 201 202
N 117.483308714 201 202
N 136.84842033 201 202
N 109.988005715 201 202
N 57.587322693 201 202
N 86.2917007304 206 207
N 141.175223952 206 207
N 154.66902222 206 207
N 138.194663437 206 207
N 60.561122449 206 207
N 81.4309971446 281 282
N 126.187803226 281 282
N 149.857024293 281 282
N 129.049920709 281 282
N 46.8340799216 281 282
N 95.8585617824 284 285
N 124.77257607 284 285
N 134.807388331 284 285
N 105.9889735 284 285
N 68.9803824605 284 285
N 57.0719239238 313 314
N 139.623397877 313 314
N 163.248418617 313 314
N 145.800867402 313 314
N 38.3117092773 313 314
N 94.4866222735 318 319
N 149.992983279 318 319
N 168.659178167 318 319
N 132.064573238 318 319
N 57.9086469614 318 319
N 81.5023774046 281 282
N 125.917549281 281 282
N 149.966933658 281 282
N 129.513478961 281 282
N 46.0535529171 281 282
N 95.4928560397 284 285
N 124.660193339 284 285
N 135.01655397 284 285
N 105.850513329 284 285
N 68.4214968514 284 285
N 102.732796662 295 296
N 132.488554897 295 296
N 131.403098477 295 296
N 106.390918424 295 296
N 73.5310268724 295 296
N 80.7066564714 298 299
N 139.342374458 298 299
N 152.822222682 298 299
N 154.451202145 298 299
N 16.4275794498 298 299
N 36.6124408333 313 314
N 153.412355226 313 314
N 174.862368913 313 314
N 146.040850511 313 314
N 40.3486536033 313 314
N 91.070515739 318 319
N 150.282396134 318 319
N 170.750444794 318 319
N 132.869928527 318 319
N 55.6652582751 318 319
N 81.3213252011 281 282
N 126.603240446 281 282
N 150.327683494 281 282
N 129.695030803 281 282
N 46.0931039503 281 282
N 103.732199846 288 289
N 143.366847737 288 289
N 142.457782099 288 289
N 117.283641872 288 289
N 66.5322606709 288 289
N 82.6901558617 281 282
N 126.042812039 281 282
N 149.115577691 281 282
N 127.994739554 281 282
N 49.2762041748 281 282
N 93.1944134239 289 290
N 143.575594565 289 290
N 138.63058675 289 290
N 115.477675518 289 290
N 75.9295237618 289 290
N 81.6916449722 281 282
N 126.423966666 281 282
N 150.327965882 281 282
N 129.939325583 281 282
N 45.3903673497 281 282
N 95.9114928803 284 285
N 125.157641793 284 285
N 135.573757769 284 285
N 106.224931378 284 285
N 68.1792386267 284 285
N 81.4641529939 281 282
N 126.249147275 281 282
N 149.591909332 281 282
N 128.534716937 281 282
N 48.0460792454 281 282
N 95.3932156558 284 285
N 125.151111976 284 285
N 135.863110506 284 285
N 106.08927705 284 285
N 67.4709776161 284 285
N 81.6609227513 281 282
N 126.210620591 281 282
N 149.987544135 281 282
N 129.395786594 281 282
N 46.1470331786 281 282
N 95.1066375386 284 285
N 124.680874434 284 285
N 135.353097607 284 285
N 105.783640502 284 285
N 68.0079185991 284 285
N 101.79338107 295 296
N 132.283358922 295 296
N 131.572167443 295 296
N 106.724378599 295 296
N 73.8781179053 295 296
N 82.0550466993 298 299
N 139.200629563 298 299
N 153.123122869 298 299
N 154.797569532 298 299
N 15.708212979 298 299
