Ca 173.496541009 305 306
Ca 176.989620143 305 306
Ca 178.466016929 305 306
Ca 175.913943372 305 306
Ca 171.820587295 305 306
Ca 96.6912135901 310 311
Ca 124.208236873 310 311
Ca 146.655651499 310 311
Ca 126.096976054 310 311
Ca 76.9763478032 310 311
Ca 88.9864927558 365 366
Ca 129.157531464 365 366
Ca 148.320139041 365 366
Ca 122.806767143 365 366
Ca 85.9482593435 365 366
Ca 98.5815509057 370 371
Ca 123.17244334 370 371
Ca 142.596848682 370 371
Ca 124.324912211 370 371
Ca 75.3693598834 370 371
Ca 72.5946755342 412 413
Ca 120.69748843 412 413
Ca 142.982677442 412 413
Ca 120.942651668 412 413
Ca 91.2166118279 412 413
Ca 99.5446903726 418 419
Ca 119.763939258 418 419
Ca 133.758519573 418 419
Ca 118.652473004 418 419
Ca 75.80341336 418 419
