C 174.530936791 305 306
C 177.157550238 305 306
C 179.392399586 305 306
C 177.433528228 305 306
C 171.998604448 305 306
C 73.435264239 310 311
C 122.554436176 310 311
C 167.19675041 310 311
C 162.218297309 310 311
C 31.6391078482 310 311
C 46.5103155003 365 366
C 120.110225876 365 366
C 159.278070922 365 366
C 138.83913709 365 366
C 96.8469297499 365 366
C 81.9165028301 370 371
C 126.616947747 370 371
C 164.297559172 370 371
C 175.532719014 370 371
C 22.7945623704 370 371
C 32.440978869 412 413
C 157.300193621 412 413
C 144.436999507 412 413
C 131.85853096 412 413
C 104.900377066 412 413
C 97.6060031954 418 419
C 135.485779211 418 419
C 160.345034848 418 419
C 157.456108306 418 419
C 54.0057599635 418 419
