N 7.44380409662 305 306
N 9.63250945608 305 306
N 13.6396339218 305 306
N 22.7827260499 305 306
N 56.4542735535 305 306
N 89.3994300955 310 311
N 142.952164523 310 311
N 158.131246404 310 311
N 127.314868406 310 311
N 62.9212560245 310 311
N 88.653289578 365 366
N 132.300234761 365 366
N 140.579663464 365 366
N 126.984061311 365 366
N 93.7850641296 365 366
N 91.055468026 370 371
N 144.688843755 370 371
N 156.339233091 370 371
N 127.516402463 370 371
N 72.0420339557 370 371
N 73.508690324 412 413
N 120.210270722 412 413
N 133.841003077 412 413
N 109.515106416 412 413
N 74.4381525365 412 413
N 98.1734016454 418 419
N 143.678815076 418 419
N 162.697531011 418 419
N 129.347253147 418 419
N 71.5658858453 418 419
