C 79.3839512705 176 177
C 121.105372526 176 177
C 134.819862517 176 177
C 131.625714277 176 177
C 103.429576795 176 177
C 90.0134232164 181 182
C 122.346334779 181 182
C 141.277836111 181 182
C 134.447074979 181 182
C 89.0465128546 181 182
C 74.8146869608 254 255
C 105.443827071 254 255
C 127.744109252 254 255
C 125.668339824 254 255
C 100.767166788 254 255
C 20.5765025589 260 261
C 107.887175777 260 261
C 144.460315597 260 261
C 119.495149557 260 261
C 89.6288736736 260 261
C 43.2353147796 550 551
C 92.2765874761 550 551
C 134.475906827 550 551
C 135.126005003 550 551
C 86.0091477495 550 551
C 26.6654251237 555 556
C 140.668829392 555 556
C 164.362232619 555 556
C 152.961654951 555 556
C 67.1677685743 555 556
C 89.4946293769 225 226
C 114.962584925 225 226
C 130.174547223 225 226
C 128.86064475 225 226
C 103.320111439 225 226
C 61.6788877368 230 231
C 115.72099707 230 231
C 160.094956048 230 231
C 159.833770084 230 231
C 34.575255865 230 231
C 84.7971223311 304 305
C 113.163800051 304 305
C 135.899161596 304 305
C 133.676568139 304 305
C 114.237236014 304 305
C 60.964531905 307 308
C 106.257889051 307 308
C 137.413015605 307 308
C 141.134447713 307 308
C 27.4137188452 307 308
C 41.6386552541 633 634
C 157.82472693 633 634
C 154.26289394 633 634
C 133.541995878 633 634
C 101.072701176 633 634
C 23.0541894446 638 639
C 146.514610299 638 639
C 168.024826798 638 639
C 168.44649666 638 639
C 28.8389655758 638 639
C 89.2216278496 225 226
C 114.798329276 225 226
C 130.16734979 225 226
C 129.078398401 225 226
C 103.979287882 225 226
C 62.2381020715 230 231
C 115.161576884 230 231
C 159.755077687 230 231
C 158.871859145 230 231
C 37.4662141176 230 231
C 84.9485332709 304 305
C 113.491424939 304 305
C 136.202860131 304 305
C 133.768546661 304 305
C 114.10216538 304 305
C 61.0377276787 307 308
C 105.807145552 307 308
C 137.61724693 307 308
C 143.56168584 307 308
C 22.4182057033 307 308
C 103.32550788 586 587
C 125.37834321 586 587
C 130.031157594 586 587
C 129.311728149 586 587
C 95.137315411 586 587
C 74.7557476953 593 594
C 123.611268947 593 594
C 165.692189017 593 594
C 151.120550343 593 594
C 79.287323394 593 594
C 76.5880188625 176 177
C 118.602485859 176 177
C 133.661679811 176 177
C 130.538047796 176 177
C 100.082102429 176 177
C 89.8113498973 181 182
C 122.11985613 181 182
C 141.015422442 181 182
C 134.504635652 181 182
C 88.9184048144 181 182
C 88.493770734 255 256
C 117.0163682 255 256
C 133.716746876 255 256
C 135.006782819 255 256
C 104.957711296 255 256
C 21.7087874737 260 261
C 105.661099089 260 261
C 144.183094333 260 261
C 118.710512996 260 261
C 89.0273908511 260 261
C 44.4349226802 550 551
C 106.588739437 550 551
C 153.272830974 550 551
C 145.549169139 550 551
C 93.9385940684 550 551
C 27.8545929688 555 556
C 139.931099751 555 556
C 163.903208309 555 556
C 152.830337739 555 556
C 68.1801649093 555 556
