N 78.6469700699 176 177
N 137.244177402 176 177
N 156.113262153 176 177
N 158.105270311 176 177
N 57.5191307319 176 177
N 87.7840638656 181 182
N 141.493470086 181 182
N 137.278242697 181 182
N 115.052419596 181 182
N 75.3218580248 181 182
N 2.97037625458 254 255
N 5.90897564672 254 255
N 138.450702431 254 255
N 108.186990857 254 255
N 67.2751034913 254 255
N 3.75421353636 260 261
N 7.52758769519 260 261
N 172.649831049 260 261
N 130.764763983 260 261
N 72.8099823068 260 261
N 92.6028673139 550 551
N 153.817860836 550 551
N 167.281895969 550 551
N 121.771030919 550 551
N 62.0562995868 550 551
N 82.9705074275 555 556
N 142.116222218 555 556
N 151.529295921 555 556
N 125.236182431 555 556
N 74.3248174575 555 556
N 110.764182424 225 226
N 137.282608736 225 226
N 132.880645768 225 226
N 110.207653146 225 226
N 75.1560557345 225 226
N 92.7660897567 230 231
N 137.081120203 230 231
N 145.95730913 230 231
N 99.76612865 230 231
N 37.7125484528 230 231
N 109.149331595 304 305
N 138.540400242 304 305
N 135.31448413 304 305
N 106.301559625 304 305
N 70.7078392629 304 305
N 103.627670313 307 308
N 144.305139607 307 308
N 170.760148882 307 308
N 143.378118306 307 308
N 32.6053430849 307 308
N 99.4132225145 633 634
N 132.609420061 633 634
N 146.797059104 633 634
N 130.864201318 633 634
N 83.1412392732 633 634
N 91.776870815 638 639
N 137.483789394 638 639
N 159.251399257 638 639
N 132.032187506 638 639
N 64.0508429704 638 639
N 111.099372503 225 226
N 137.383775875 225 226
N 133.135167912 225 226
N 110.815361588 225 226
N 75.8561413487 225 226
N 91.8341590495 230 231
N 137.351527713 230 231
N 146.566843273 230 231
N 99.701765643 230 231
N 36.6050416675 230 231
N 109.304639323 304 305
N 138.962935726 304 305
N 135.345823234 304 305
N 105.622899915 304 305
N 69.9245365805 304 305
N 103.458827036 307 308
N 144.938338715 307 308
N 173.394709315 307 308
N 139.880980992 307 308
N 35.6381734664 307 308
N 77.1659948537 586 587
N 133.016962992 586 587
N 127.918241071 586 587
N 119.001966029 586 587
N 89.3414017588 586 587
N 110.136067147 593 594
N 145.987947258 593 594
N 150.411031815 593 594
N 104.685605413 593 594
N 40.2637914482 593 594
N 79.0191956315 176 177
N 135.010692889 176 177
N 154.148029917 176 177
N 163.127106899 176 177
N 54.9036628865 176 177
N 86.90569747 181 182
N 141.134571014 181 182
N 137.135959894 181 182
N 115.16333253 181 182
N 75.6353534262 181 182
N 99.6938706817 255 256
N 141.044879914 255 256
N 139.24709437 255 256
N 113.167148934 255 256
N 67.0994239657 255 256
N 71.1587428777 260 261
N 160.157486833 260 261
N 172.594878246 260 261
N 130.343093557 260 261
N 71.8799036307 260 261
N 85.6849402369 550 551
N 146.040208773 550 551
N 164.010619906 550 551
N 127.732762216 550 551
N 76.3615905102 550 551
N 82.804786986 555 556
N 141.836488865 555 556
N 150.906236944 555 556
N 124.77961239 555 556
N 74.7178691979 555 556
