Ca 90.4291201566 176 177
Ca 126.17630241 176 177
Ca 148.912174225 176 177
Ca 124.621516688 176 177
Ca 89.639213103 176 177
Ca 90.844081179 181 182
Ca 116.699482902 181 182
Ca 127.630638977 181 182
Ca 115.831337454 181 182
Ca 86.5126961837 181 182
Ca 8.05547594833 254 255
Ca 123.402269688 254 255
Ca 134.932195261 254 255
Ca 121.720033511 254 255
Ca 93.2986028038 254 255
Ca 9.0027270178 260 261
Ca 132.568360783 260 261
Ca 170.110114722 260 261
Ca 132.442307817 260 261
Ca 97.2151330037 260 261
Ca 87.9805351301 550 551
Ca 129.933757626 550 551
Ca 149.636490878 550 551
Ca 123.482331135 550 551
Ca 90.3687131371 550 551
Ca 76.8967926669 555 556
Ca 127.00931738 555 556
Ca 145.343416715 555 556
Ca 121.536102316 555 556
Ca 80.8471398874 555 556
Ca 99.9932151809 225 226
Ca 121.131818023 225 226
Ca 129.85033119 225 226
Ca 117.349147373 225 226
Ca 90.2668274491 225 226
Ca 99.3143842742 230 231
Ca 136.83683225 230 231
Ca 167.429887895 230 231
Ca 131.763422948 230 231
Ca 75.8994646999 230 231
Ca 100.094581757 304 305
Ca 124.38788226 304 305
Ca 139.616729463 304 305
Ca 128.294859582 304 305
Ca 101.342265062 304 305
Ca 94.4861102786 307 308
Ca 129.012785757 307 308
Ca 150.131552075 307 308
Ca 121.963505973 307 308
Ca 68.2246986497 307 308
Ca 88.8857438625 633 634
Ca 125.934093652 633 634
Ca 147.849588202 633 634
Ca 124.045274257 633 634
Ca 90.9248380567 633 634
Ca 80.6280778277 638 639
Ca 132.021843797 638 639
Ca 154.529278335 638 639
Ca 126.388248457 638 639
Ca 70.9027562783 638 639
Ca 100.252900272 225 226
Ca 121.388040141 225 226
Ca 130.186597083 225 226
Ca 117.938283043 225 226
Ca 91.1779837165 225 226
Ca 99.7354601886 230 231
Ca 137.26640852 230 231
Ca 168.743722497 230 231
Ca 132.018077085 230 231
Ca 75.7118353898 230 231
Ca 99.6480663654 304 305
Ca 124.448395442 304 305
Ca 139.780106122 304 305
Ca 128.049463149 304 305
Ca 100.686874364 304 305
Ca 94.0133432309 307 308
Ca 128.300367172 307 308
Ca 149.428574106 307 308
Ca 122.288598139 307 308
Ca 69.1058366511 307 308
Ca 101.134047396 586 587
Ca 121.722652084 586 587
Ca 130.719856393 586 587
Ca 117.327401458 586 587
Ca 89.7018821906 586 587
Ca 96.371316844 593 594
Ca 124.510193463 593 594
Ca 147.978949244 593 594
Ca 127.727378619 593 594
Ca 79.6818884526 593 594
Ca 92.6095853569 176 177
Ca 129.576019888 176 177
Ca 154.597109087 176 177
Ca 125.771235381 176 177
Ca 88.2833284773 176 177
Ca 90.4384442636 181 182
Ca 116.496191325 181 182
Ca 127.635477173 181 182
Ca 116.050393693 181 182
Ca 86.6355913809 181 182
Ca 96.1642267991 255 256
Ca 119.776170217 255 256
Ca 129.390074585 255 256
Ca 116.232647669 255 256
Ca 86.0553554456 255 256
Ca 74.2964815926 260 261
Ca 131.060878428 260 261
Ca 169.829333728 260 261
Ca 131.887338922 260 261
Ca 96.5763907066 260 261
Ca 87.9827242257 550 551
Ca 131.7285663 550 551
Ca 149.669602363 550 551
Ca 121.389321975 550 551
Ca 87.2598923699 550 551
Ca 76.862806208 555 556
Ca 126.718298952 555 556
Ca 144.756196664 555 556
Ca 121.295988134 555 556
Ca 80.7406068272 555 556
