Ca 149.184887015 2 3
Ca 149.800210302 2 3
Ca 112.03325285 2 3
Ca 74.2860384919 2 3
Ca 54.7917610588 2 3
Ca 52.4796376793 18 19
Ca 73.9554044804 18 19
Ca 90.8679692163 18 19
Ca 97.1524727582 18 19
Ca 94.575059342 18 19
Ca 91.0495052329 18 19
Ca 80.6722454935 18 19
Ca 64.9670211003 18 19
Ca 70.2061168386 19 20
Ca 85.0253536639 19 20
Ca 97.1625624653 19 20
Ca 103.940235322 19 20
Ca 106.830015725 19 20
Ca 98.9138867218 19 20
Ca 82.2931795367 19 20
Ca 64.5481437587 19 20
Ca 75.8310098638 35 36
Ca 85.1570461989 35 36
Ca 94.4368111943 35 36
Ca 98.1372519491 35 36
Ca 96.1732771157 35 36
Ca 87.8506392816 35 36
Ca 63.897121039 35 36
Ca 40.2525013099 35 36
Ca 75.8310098638 35 36
Ca 85.1570461989 35 36
Ca 94.4368111943 35 36
Ca 98.1372519491 35 36
Ca 96.1732771157 35 36
Ca 87.8506392816 35 36
Ca 63.897121039 35 36
Ca 40.2525013099 35 36
Ca 76.0956259666 42 43
Ca 89.5488534789 42 43
Ca 100.619841582 42 43
Ca 103.371925593 42 43
Ca 100.10274707 42 43
Ca 89.4167779 42 43
Ca 65.451024191 42 43
Ca 43.1485172103 42 43
Ca 71.6623902518 51 52
Ca 86.8500062677 51 52
Ca 112.927055205 51 52
Ca 145.216052436 51 52
Ca 143.698409915 51 52
Ca 107.09748474 51 52
Ca 67.9524047438 51 52
Ca 47.9655552108 51 52
Ca 80.5099005669 71 72
Ca 91.0581349344 71 72
Ca 98.5226663444 71 72
Ca 99.5874529588 71 72
Ca 95.7685564103 71 72
Ca 88.3777504154 71 72
Ca 69.0905265321 71 72
Ca 47.5077474095 71 72
Ca 75.7641086003 79 80
Ca 86.9692645789 79 80
Ca 96.0547886198 79 80
Ca 99.3084969776 79 80
Ca 97.3016244725 79 80
Ca 90.7477533449 79 80
Ca 75.7326902147 79 80
Ca 58.4393345062 79 80
Ca 74.9001073574 88 89
Ca 87.0658163119 88 89
Ca 96.00423913 88 89
Ca 98.740928536 88 89
Ca 95.7697856177 88 89
Ca 88.396180547 88 89
Ca 77.0441688773 88 89
Ca 66.3802208121 88 89
Ca 38.5011659516 93 94
Ca 62.2121467582 93 94
Ca 100.053475528 93 94
Ca 122.05136076 93 94
Ca 124.627776216 93 94
Ca 103.088648873 93 94
Ca 69.8058424186 93 94
Ca 49.6170562049 93 94
Ca 69.0810579616 112 113
Ca 80.9915917872 112 113
Ca 94.1730847947 112 113
Ca 101.527794228 112 113
Ca 101.372840428 112 113
Ca 95.2242370299 112 113
Ca 75.6341160311 112 113
Ca 53.1589653604 112 113
Ca 66.6933724956 117 118
Ca 90.6626563508 117 118
Ca 120.262035553 117 118
Ca 158.079998353 117 118
Ca 157.375958112 117 118
Ca 109.816830931 117 118
Ca 69.4115020603 117 118
Ca 49.1633569597 117 118
Ca 56.5635352416 138 139
Ca 75.4782426574 138 139
Ca 92.5128035115 138 139
Ca 100.738442286 138 139
Ca 99.5202957907 138 139
Ca 92.8363558255 138 139
Ca 76.9178356586 138 139
Ca 60.8784132055 138 139
Ca 28.0920917708 3 4
Ca 40.1381915386 3 4
Ca 87.5201613412 3 4
Ca 156.285319305 3 4
Ca 138.823318326 3 4
Ca 110.675301689 3 4
Ca 73.8433669008 3 4
Ca 52.3670023166 3 4
Ca 47.3806527598 18 19
Ca 68.862757742 18 19
Ca 103.361314064 18 19
Ca 141.446220903 18 19
Ca 142.923833575 18 19
Ca 110.124979617 18 19
Ca 74.2099019973 18 19
Ca 51.0087966558 18 19
Ca 47.3806527598 18 19
Ca 68.862757742 18 19
Ca 103.361314064 18 19
Ca 141.446220903 18 19
Ca 142.923833575 18 19
Ca 110.124979617 18 19
Ca 74.2099019973 18 19
Ca 51.0087966558 18 19
Ca 73.5956690514 34 35
Ca 83.1214836815 34 35
Ca 92.8757743083 34 35
Ca 97.2436791173 34 35
Ca 95.0059906335 34 35
Ca 87.6576492756 34 35
Ca 67.6487808482 34 35
Ca 47.3041952439 34 35
Ca 73.5956690514 34 35
Ca 83.1214836815 34 35
Ca 92.8757743083 34 35
Ca 97.2436791173 34 35
Ca 95.0059906335 34 35
Ca 87.6576492756 34 35
Ca 67.6487808482 34 35
Ca 47.3041952439 34 35
Ca 72.2971983912 41 42
Ca 87.1980745835 41 42
Ca 100.854381016 41 42
Ca 106.930424758 41 42
Ca 106.178858468 41 42
Ca 91.614085441 41 42
Ca 62.692008321 41 42
Ca 40.0208335384 41 42
Ca 47.3371516078 49 50
Ca 67.8420434829 49 50
Ca 92.7636057695 49 50
Ca 105.739613661 49 50
Ca 101.779506337 49 50
Ca 91.2686659076 49 50
Ca 68.4879424481 49 50
Ca 51.0065656604 49 50
Ca 77.9198649396 56 57
Ca 91.8667704941 56 57
Ca 111.901156926 56 57
Ca 128.080827102 56 57
Ca 119.839748174 56 57
Ca 97.444562717 56 57
Ca 65.4916921873 56 57
Ca 45.1100685862 56 57
Ca 77.9198649396 56 57
Ca 91.8667704941 56 57
Ca 111.901156926 56 57
Ca 128.080827102 56 57
Ca 119.839748174 56 57
Ca 97.444562717 56 57
Ca 65.4916921873 56 57
Ca 45.1100685862 56 57
Ca 75.2143568882 76 77
Ca 88.2948027945 76 77
Ca 97.6874457445 76 77
Ca 99.975394669 76 77
Ca 98.2489166538 76 77
Ca 92.8574969589 76 77
Ca 74.8339505387 76 77
Ca 51.5217940565 76 77
Ca 76.3617096195 84 85
Ca 87.9104875037 84 85
Ca 96.5959988685 84 85
Ca 99.2946884754 84 85
Ca 96.6633194985 84 85
Ca 89.318596512 84 85
Ca 72.5322589007 84 85
Ca 53.8841275013 84 85
Ca 74.5938163152 93 94
Ca 86.3444732298 93 94
Ca 95.155183992 93 94
Ca 99.2910024301 93 94
Ca 96.1264449825 93 94
Ca 90.4059675961 93 94
Ca 79.9589106308 93 94
Ca 69.9061899751 93 94
Ca 33.2421186128 98 99
Ca 55.0372658991 98 99
Ca 99.5098175551 98 99
Ca 128.445832569 98 99
Ca 131.794547076 98 99
Ca 109.74886194 98 99
Ca 76.9171688017 98 99
Ca 54.5957135 98 99
Ca 74.0447259638 117 118
Ca 85.5961134333 117 118
Ca 94.567396731 117 118
Ca 98.2010582644 117 118
Ca 96.4797283203 117 118
Ca 85.7696565557 117 118
Ca 64.8515426285 117 118
Ca 45.1460077059 117 118
Ca 70.1434755154 122 123
Ca 90.9573975724 122 123
Ca 117.381770871 122 123
Ca 151.234045291 122 123
Ca 164.664402655 122 123
Ca 109.478455388 122 123
Ca 67.8781214152 122 123
Ca 49.479627421 122 123
Ca 64.8301434778 143 144
Ca 80.9503472678 143 144
Ca 96.0919813771 143 144
Ca 102.340810048 143 144
Ca 99.6395553884 143 144
Ca 85.1895586236 143 144
Ca 64.0977826103 143 144
Ca 44.5990496513 143 144
Ca 8.29499915414 2 3
Ca 12.101002025 2 3
Ca 23.6848517326 2 3
Ca 149.184887015 2 3
Ca 149.800210302 2 3
Ca 112.03325285 2 3
Ca 74.2860384919 2 3
Ca 54.7917610588 2 3
Ca 52.4796376793 18 19
Ca 73.9554044804 18 19
Ca 90.8679692163 18 19
Ca 97.1524727582 18 19
Ca 94.575059342 18 19
Ca 91.0495052329 18 19
Ca 80.6722454935 18 19
Ca 64.9670211003 18 19
Ca 70.2061168386 19 20
Ca 85.0253536639 19 20
Ca 97.1625624653 19 20
Ca 103.940235322 19 20
Ca 106.830015725 19 20
Ca 98.9138867218 19 20
Ca 82.2931795367 19 20
Ca 64.5481437587 19 20
Ca 75.8310098638 35 36
Ca 85.1570461989 35 36
Ca 94.4368111943 35 36
Ca 98.1372519491 35 36
Ca 96.1732771157 35 36
Ca 87.8506392816 35 36
Ca 63.897121039 35 36
Ca 40.2525013099 35 36
Ca 75.8310098638 35 36
Ca 85.1570461989 35 36
Ca 94.4368111943 35 36
Ca 98.1372519491 35 36
Ca 96.1732771157 35 36
Ca 87.8506392816 35 36
Ca 63.897121039 35 36
Ca 40.2525013099 35 36
Ca 76.0956259666 42 43
Ca 89.5488534789 42 43
Ca 100.619841582 42 43
Ca 103.371925593 42 43
Ca 100.10274707 42 43
Ca 89.4167779 42 43
Ca 65.451024191 42 43
Ca 43.1485172103 42 43
Ca 71.6623902518 51 52
Ca 86.8500062677 51 52
Ca 112.927055205 51 52
Ca 145.216052436 51 52
Ca 143.698409915 51 52
Ca 107.09748474 51 52
Ca 67.9524047438 51 52
Ca 47.9655552108 51 52
Ca 80.5099005669 71 72
Ca 91.0581349344 71 72
Ca 98.5226663444 71 72
Ca 99.5874529588 71 72
Ca 95.7685564103 71 72
Ca 88.3777504154 71 72
Ca 69.0905265321 71 72
Ca 47.5077474095 71 72
Ca 75.7641086003 79 80
Ca 86.9692645789 79 80
Ca 96.0547886198 79 80
Ca 99.3084969776 79 80
Ca 97.3016244725 79 80
Ca 90.7477533449 79 80
Ca 75.7326902147 79 80
Ca 58.4393345062 79 80
Ca 74.9001073574 88 89
Ca 87.0658163119 88 89
Ca 96.00423913 88 89
Ca 98.740928536 88 89
Ca 95.7697856177 88 89
Ca 88.396180547 88 89
Ca 77.0441688773 88 89
Ca 66.3802208121 88 89
Ca 38.5011659516 93 94
Ca 62.2121467582 93 94
Ca 100.053475528 93 94
Ca 122.05136076 93 94
Ca 124.627776216 93 94
Ca 103.088648873 93 94
Ca 69.8058424186 93 94
Ca 49.6170562049 93 94
Ca 69.0810579616 112 113
Ca 80.9915917872 112 113
Ca 94.1730847947 112 113
Ca 101.527794228 112 113
Ca 101.372840428 112 113
Ca 95.2242370299 112 113
Ca 75.6341160311 112 113
Ca 53.1589653604 112 113
Ca 66.6933724956 117 118
Ca 90.6626563508 117 118
Ca 120.262035553 117 118
Ca 158.079998353 117 118
Ca 157.375958112 117 118
Ca 109.816830931 117 118
Ca 69.4115020603 117 118
Ca 49.1633569597 117 118
Ca 56.5635352416 138 139
Ca 75.4782426574 138 139
Ca 92.5128035115 138 139
Ca 100.738442286 138 139
Ca 99.5202957907 138 139
Ca 92.8363558255 138 139
Ca 76.9178356586 138 139
Ca 60.8784132055 138 139
Ca 28.0920917708 3 4
Ca 40.1381915386 3 4
Ca 87.5201613412 3 4
Ca 156.285319305 3 4
Ca 138.823318326 3 4
Ca 110.675301689 3 4
Ca 73.8433669008 3 4
Ca 52.3670023166 3 4
Ca 47.3806527598 18 19
Ca 68.862757742 18 19
Ca 103.361314064 18 19
Ca 141.446220903 18 19
Ca 142.923833575 18 19
Ca 110.124979617 18 19
Ca 74.2099019973 18 19
Ca 51.0087966558 18 19
Ca 47.3806527598 18 19
Ca 68.862757742 18 19
Ca 103.361314064 18 19
Ca 141.446220903 18 19
Ca 142.923833575 18 19
Ca 110.124979617 18 19
Ca 74.2099019973 18 19
Ca 51.0087966558 18 19
Ca 73.5956690514 34 35
Ca 83.1214836815 34 35
Ca 92.8757743083 34 35
Ca 97.2436791173 34 35
Ca 95.0059906335 34 35
Ca 87.6576492756 34 35
Ca 67.6487808482 34 35
Ca 47.3041952439 34 35
Ca 73.5956690514 34 35
Ca 83.1214836815 34 35
Ca 92.8757743083 34 35
Ca 97.2436791173 34 35
Ca 95.0059906335 34 35
Ca 87.6576492756 34 35
Ca 67.6487808482 34 35
Ca 47.3041952439 34 35
Ca 72.2971983912 41 42
Ca 87.1980745835 41 42
Ca 100.854381016 41 42
Ca 106.930424758 41 42
Ca 106.178858468 41 42
Ca 91.614085441 41 42
Ca 62.692008321 41 42
Ca 40.0208335384 41 42
Ca 47.3371516078 49 50
Ca 67.8420434829 49 50
Ca 92.7636057695 49 50
Ca 105.739613661 49 50
Ca 101.779506337 49 50
Ca 91.2686659076 49 50
Ca 68.4879424481 49 50
Ca 51.0065656604 49 50
Ca 77.9198649396 56 57
Ca 91.8667704941 56 57
Ca 111.901156926 56 57
Ca 128.080827102 56 57
Ca 119.839748174 56 57
Ca 97.444562717 56 57
Ca 65.4916921873 56 57
Ca 45.1100685862 56 57
Ca 77.9198649396 56 57
Ca 91.8667704941 56 57
Ca 111.901156926 56 57
Ca 128.080827102 56 57
Ca 119.839748174 56 57
Ca 97.444562717 56 57
Ca 65.4916921873 56 57
Ca 45.1100685862 56 57
Ca 75.2143568882 76 77
Ca 88.2948027945 76 77
Ca 97.6874457445 76 77
Ca 99.975394669 76 77
Ca 98.2489166538 76 77
Ca 92.8574969589 76 77
Ca 74.8339505387 76 77
Ca 51.5217940565 76 77
Ca 76.3617096195 84 85
Ca 87.9104875037 84 85
Ca 96.5959988685 84 85
Ca 99.2946884754 84 85
Ca 96.6633194985 84 85
Ca 89.318596512 84 85
Ca 72.5322589007 84 85
Ca 53.8841275013 84 85
Ca 74.5938163152 93 94
Ca 86.3444732298 93 94
Ca 95.155183992 93 94
Ca 99.2910024301 93 94
Ca 96.1264449825 93 94
Ca 90.4059675961 93 94
Ca 79.9589106308 93 94
Ca 69.9061899751 93 94
Ca 33.2421186128 98 99
Ca 55.0372658991 98 99
Ca 99.5098175551 98 99
Ca 128.445832569 98 99
Ca 131.794547076 98 99
Ca 109.74886194 98 99
Ca 76.9171688017 98 99
Ca 54.5957135 98 99
Ca 74.0447259638 117 118
Ca 85.5961134333 117 118
Ca 94.567396731 117 118
Ca 98.2010582644 117 118
Ca 96.4797283203 117 118
Ca 85.7696565557 117 118
Ca 64.8515426285 117 118
Ca 45.1460077059 117 118
Ca 70.1434755154 122 123
Ca 90.9573975724 122 123
Ca 117.381770871 122 123
Ca 151.234045291 122 123
Ca 164.664402655 122 123
Ca 109.478455388 122 123
Ca 67.8781214152 122 123
Ca 49.479627421 122 123
Ca 64.8301434778 143 144
Ca 80.9503472678 143 144
Ca 96.0919813771 143 144
Ca 102.340810048 143 144
Ca 99.6395553884 143 144
Ca 85.1895586236 143 144
Ca 64.0977826103 143 144
Ca 44.5990496513 143 144
