N 150.729742699 2 3
N 92.1898487524 2 3
N 44.0306556568 2 3
N 26.7004772349 2 3
N 43.7024574976 18 19
N 77.244863488 18 19
N 114.010963502 18 19
N 120.22561696 18 19
N 107.07411892 18 19
N 87.085333782 18 19
N 74.0199020734 18 19
N 62.7289871392 18 19
N 63.6111941485 19 20
N 82.4092341896 19 20
N 102.946992005 19 20
N 114.964891097 19 20
N 106.122020489 19 20
N 84.088138405 19 20
N 59.4337875428 19 20
N 42.3518323928 19 20
N 76.1944414205 35 36
N 88.8775687775 35 36
N 99.6369254155 35 36
N 106.013406888 35 36
N 97.5757952717 35 36
N 76.0331281553 35 36
N 52.4493274986 35 36
N 34.4960960193 35 36
N 76.1944414205 35 36
N 88.8775687775 35 36
N 99.6369254155 35 36
N 106.013406888 35 36
N 97.5757952717 35 36
N 76.0331281553 35 36
N 52.4493274986 35 36
N 34.4960960193 35 36
N 64.5868702121 42 43
N 84.4468588179 42 43
N 103.542683344 42 43
N 111.238542344 42 43
N 94.7964984236 42 43
N 64.979916028 42 43
N 41.1673587398 42 43
N 26.1795608099 42 43
N 65.4937758044 51 52
N 80.5466341543 51 52
N 104.123251752 51 52
N 136.977074992 51 52
N 168.876495088 51 52
N 62.9982959021 51 52
N 32.0660896936 51 52
N 22.9801172294 51 52
N 78.7858637622 71 72
N 94.0133641859 71 72
N 105.534988409 71 72
N 108.497863701 71 72
N 95.949133651 71 72
N 72.7264705036 71 72
N 52.2217004223 71 72
N 36.0994781459 71 72
N 78.5286460018 79 80
N 93.0274703985 79 80
N 105.786651701 79 80
N 111.11427768 79 80
N 101.340815131 79 80
N 80.1912873057 79 80
N 61.5440436674 79 80
N 46.2285358391 79 80
N 80.7123515747 88 89
N 96.0609535109 88 89
N 109.277054961 88 89
N 111.436117929 88 89
N 98.8549788352 88 89
N 79.7356181764 88 89
N 65.5759473729 88 89
N 56.1350789413 88 89
N 18.8472878874 93 94
N 38.5328675277 93 94
N 130.353556005 93 94
N 145.33287917 93 94
N 124.569658664 93 94
N 89.4756791422 93 94
N 56.1144936401 93 94
N 36.8675819451 93 94
N 67.6586978048 112 113
N 86.0909613473 112 113
N 106.368153119 112 113
N 120.530551124 112 113
N 111.742603059 112 113
N 88.4166791892 112 113
N 62.0681978561 112 113
N 41.198213767 112 113
N 55.8350050265 117 118
N 86.0486663179 117 118
N 123.491795117 117 118
N 144.474876824 117 118
N 150.305660905 117 118
N 42.2543322958 117 118
N 19.3724410108 117 118
N 12.2751868849 117 118
N 56.5130533758 138 139
N 86.9411294352 138 139
N 119.323485479 138 139
N 127.3866127 138 139
N 112.383630131 138 139
N 85.3442957677 138 139
N 63.4996616781 138 139
N 46.8390848373 138 139
N 28.8030538991 3 4
N 56.7302664883 3 4
N 104.381477352 3 4
N 161.879544001 3 4
N 152.089790035 3 4
N 101.130911971 3 4
N 56.5236045972 3 4
N 35.6208562493 3 4
N 40.6231278978 18 19
N 71.6953000476 18 19
N 116.994793653 18 19
N 140.529283298 18 19
N 139.922298254 18 19
N 103.648391775 18 19
N 56.2349831691 18 19
N 34.6787777877 18 19
N 40.6231278978 18 19
N 71.6953000476 18 19
N 116.994793653 18 19
N 140.529283298 18 19
N 139.922298254 18 19
N 103.648391775 18 19
N 56.2349831691 18 19
N 34.6787777877 18 19
N 70.7783958288 34 35
N 83.7307274269 34 35
N 95.5020518445 34 35
N 103.816265019 34 35
N 97.9068820366 34 35
N 78.8350288653 34 35
N 58.4465033565 34 35
N 41.000645301 34 35
N 70.7783958288 34 35
N 83.7307274269 34 35
N 95.5020518445 34 35
N 103.816265019 34 35
N 97.9068820366 34 35
N 78.8350288653 34 35
N 58.4465033565 34 35
N 41.000645301 34 35
N 64.6162835637 41 42
N 83.9661288951 41 42
N 104.171871898 41 42
N 114.24900181 41 42
N 97.2748212407 41 42
N 61.0522629981 41 42
N 33.3243083481 41 42
N 20.1309130395 41 42
N 33.3283619995 49 50
N 66.1550254491 49 50
N 120.210224823 49 50
N 134.291386883 49 50
N 117.577412777 49 50
N 83.1823595943 49 50
N 53.420261129 49 50
N 37.1282343719 49 50
N 80.3383727161 56 57
N 96.5141219557 56 57
N 117.857308757 56 57
N 132.641469061 56 57
N 111.084973215 56 57
N 64.3183430594 56 57
N 36.51789373 56 57
N 23.2637028191 56 57
N 80.3383727161 56 57
N 96.5141219557 56 57
N 117.857308757 56 57
N 132.641469061 56 57
N 111.084973215 56 57
N 64.3183430594 56 57
N 36.51789373 56 57
N 23.2637028191 56 57
N 78.0300760358 76 77
N 100.375511917 76 77
N 116.366341569 76 77
N 120.201552539 76 77
N 106.361638691 76 77
N 81.9622491211 76 77
N 58.6357529023 76 77
N 39.5437819747 76 77
N 78.1464017382 84 85
N 93.3747030714 84 85
N 106.266016587 84 85
N 109.553515168 84 85
N 97.7354383349 84 85
N 75.1129544216 84 85
N 55.9156124119 84 85
N 41.0687919683 84 85
N 77.514709579 93 94
N 91.9739451771 93 94
N 105.382582716 93 94
N 108.688291949 93 94
N 99.5383698646 93 94
N 82.6305756426 93 94
N 70.6920599841 93 94
N 60.8741197428 93 94
N 8.64878909504 98 99
N 23.0743038947 98 99
N 156.851787934 98 99
N 158.147939426 98 99
N 134.350986384 98 99
N 98.5688728582 98 99
N 60.934733672 98 99
N 39.1288810953 98 99
N 79.2721186659 117 118
N 93.5846983506 117 118
N 105.649544393 117 118
N 109.941775869 117 118
N 100.659781249 117 118
N 81.2074682619 117 118
N 58.7168530713 117 118
N 41.941097039 117 118
N 60.5439094659 122 123
N 83.5421803274 122 123
N 114.332485304 122 123
N 134.236700626 122 123
N 134.242986599 122 123
N 44.5523816304 122 123
N 19.0146538612 122 123
N 11.7890930193 122 123
N 53.8858666632 143 144
N 78.4917762745 143 144
N 104.994547647 143 144
N 114.403113882 143 144
N 98.5734382958 143 144
N 71.1212025037 143 144
N 48.8198565642 143 144
N 35.0718032617 143 144
N 10.9143879136 2 3
N 14.8253323236 2 3
N 23.2064503349 2 3
N 53.5433431038 2 3
N 150.729742699 2 3
N 92.1898487524 2 3
N 44.0306556568 2 3
N 26.7004772349 2 3
N 43.7024574976 18 19
N 77.244863488 18 19
N 114.010963502 18 19
N 120.22561696 18 19
N 107.07411892 18 19
N 87.085333782 18 19
N 74.0199020734 18 19
N 62.7289871392 18 19
N 63.6111941485 19 20
N 82.4092341896 19 20
N 102.946992005 19 20
N 114.964891097 19 20
N 106.122020489 19 20
N 84.088138405 19 20
N 59.4337875428 19 20
N 42.3518323928 19 20
N 76.1944414205 35 36
N 88.8775687775 35 36
N 99.6369254155 35 36
N 106.013406888 35 36
N 97.5757952717 35 36
N 76.0331281553 35 36
N 52.4493274986 35 36
N 34.4960960193 35 36
N 76.1944414205 35 36
N 88.8775687775 35 36
N 99.6369254155 35 36
N 106.013406888 35 36
N 97.5757952717 35 36
N 76.0331281553 35 36
N 52.4493274986 35 36
N 34.4960960193 35 36
N 64.5868702121 42 43
N 84.4468588179 42 43
N 103.542683344 42 43
N 111.238542344 42 43
N 94.7964984236 42 43
N 64.979916028 42 43
N 41.1673587398 42 43
N 26.1795608099 42 43
N 65.4937758044 51 52
N 80.5466341543 51 52
N 104.123251752 51 52
N 136.977074992 51 52
N 168.876495088 51 52
N 62.9982959021 51 52
N 32.0660896936 51 52
N 22.9801172294 51 52
N 78.7858637622 71 72
N 94.0133641859 71 72
N 105.534988409 71 72
N 108.497863701 71 72
N 95.949133651 71 72
N 72.7264705036 71 72
N 52.2217004223 71 72
N 36.0994781459 71 72
N 78.5286460018 79 80
N 93.0274703985 79 80
N 105.786651701 79 80
N 111.11427768 79 80
N 101.340815131 79 80
N 80.1912873057 79 80
N 61.5440436674 79 80
N 46.2285358391 79 80
N 80.7123515747 88 89
N 96.0609535109 88 89
N 109.277054961 88 89
N 111.436117929 88 89
N 98.8549788352 88 89
N 79.7356181764 88 89
N 65.5759473729 88 89
N 56.1350789413 88 89
N 18.8472878874 93 94
N 38.5328675277 93 94
N 130.353556005 93 94
N 145.33287917 93 94
N 124.569658664 93 94
N 89.4756791422 93 94
N 56.1144936401 93 94
N 36.8675819451 93 94
N 67.6586978048 112 113
N 86.0909613473 112 113
N 106.368153119 112 113
N 120.530551124 112 113
N 111.742603059 112 113
N 88.4166791892 112 113
N 62.0681978561 112 113
N 41.198213767 112 113
N 55.8350050265 117 118
N 86.0486663179 117 118
N 123.491795117 117 118
N 144.474876824 117 118
N 150.305660905 117 118
N 42.2543322958 117 118
N 19.3724410108 117 118
N 12.2751868849 117 118
N 56.5130533758 138 139
N 86.9411294352 138 139
N 119.323485479 138 139
N 127.3866127 138 139
N 112.383630131 138 139
N 85.3442957677 138 139
N 63.4996616781 138 139
N 46.8390848373 138 139
N 28.8030538991 3 4
N 56.7302664883 3 4
N 104.381477352 3 4
N 161.879544001 3 4
N 152.089790035 3 4
N 101.130911971 3 4
N 56.5236045972 3 4
N 35.6208562493 3 4
N 40.6231278978 18 19
N 71.6953000476 18 19
N 116.994793653 18 19
N 140.529283298 18 19
N 139.922298254 18 19
N 103.648391775 18 19
N 56.2349831691 18 19
N 34.6787777877 18 19
N 40.6231278978 18 19
N 71.6953000476 18 19
N 116.994793653 18 19
N 140.529283298 18 19
N 139.922298254 18 19
N 103.648391775 18 19
N 56.2349831691 18 19
N 34.6787777877 18 19
N 70.7783958288 34 35
N 83.7307274269 34 35
N 95.5020518445 34 35
N 103.816265019 34 35
N 97.9068820366 34 35
N 78.8350288653 34 35
N 58.4465033565 34 35
N 41.000645301 34 35
N 70.7783958288 34 35
N 83.7307274269 34 35
N 95.5020518445 34 35
N 103.816265019 34 35
N 97.9068820366 34 35
N 78.8350288653 34 35
N 58.4465033565 34 35
N 41.000645301 34 35
N 64.6162835637 41 42
N 83.9661288951 41 42
N 104.171871898 41 42
N 114.24900181 41 42
N 97.2748212407 41 42
N 61.0522629981 41 42
N 33.3243083481 41 42
N 20.1309130395 41 42
N 33.3283619995 49 50
N 66.1550254491 49 50
N 120.210224823 49 50
N 134.291386883 49 50
N 117.577412777 49 50
N 83.1823595943 49 50
N 53.420261129 49 50
N 37.1282343719 49 50
N 80.3383727161 56 57
N 96.5141219557 56 57
N 117.857308757 56 57
N 132.641469061 56 57
N 111.084973215 56 57
N 64.3183430594 56 57
N 36.51789373 56 57
N 23.2637028191 56 57
N 80.3383727161 56 57
N 96.5141219557 56 57
N 117.857308757 56 57
N 132.641469061 56 57
N 111.084973215 56 57
N 64.3183430594 56 57
N 36.51789373 56 57
N 23.2637028191 56 57
N 78.0300760358 76 77
N 100.375511917 76 77
N 116.366341569 76 77
N 120.201552539 76 77
N 106.361638691 76 77
N 81.9622491211 76 77
N 58.6357529023 76 77
N 39.5437819747 76 77
N 78.1464017382 84 85
N 93.3747030714 84 85
N 106.266016587 84 85
N 109.553515168 84 85
N 97.7354383349 84 85
N 75.1129544216 84 85
N 55.9156124119 84 85
N 41.0687919683 84 85
N 77.514709579 93 94
N 91.9739451771 93 94
N 105.382582716 93 94
N 108.688291949 93 94
N 99.5383698646 93 94
N 82.6305756426 93 94
N 70.6920599841 93 94
N 60.8741197428 93 94
N 8.64878909504 98 99
N 23.0743038947 98 99
N 156.851787934 98 99
N 158.147939426 98 99
N 134.350986384 98 99
N 98.5688728582 98 99
N 60.934733672 98 99
N 39.1288810953 98 99
N 79.2721186659 117 118
N 93.5846983506 117 118
N 105.649544393 117 118
N 109.941775869 117 118
N 100.659781249 117 118
N 81.2074682619 117 118
N 58.7168530713 117 118
N 41.941097039 117 118
N 60.5439094659 122 123
N 83.5421803274 122 123
N 114.332485304 122 123
N 134.236700626 122 123
N 134.242986599 122 123
N 44.5523816304 122 123
N 19.0146538612 122 123
N 11.7890930193 122 123
N 53.8858666632 143 144
N 78.4917762745 143 144
N 104.994547647 143 144
N 114.403113882 143 144
N 98.5734382958 143 144
N 71.1212025037 143 144
N 48.8198565642 143 144
N 35.0718032617 143 144
