C 65.4577706626 2 3
C 163.522963897 2 3
C 156.259618173 2 3
C 99.1735063786 2 3
C 42.6873993304 2 3
C 29.7368499224 2 3
C 53.2455234965 18 19
C 69.961312568 18 19
C 88.0594056359 18 19
C 102.713384423 18 19
C 112.783473028 18 19
C 109.451522127 18 19
C 92.9459853969 18 19
C 71.3296153366 18 19
C 58.9853550788 19 20
C 67.2360429875 19 20
C 78.4944232867 19 20
C 97.4787761234 19 20
C 113.105177617 19 20
C 107.349496505 19 20
C 82.7433830519 19 20
C 61.8576794301 19 20
C 75.9006236646 35 36
C 85.7766898191 35 36
C 95.9641063956 35 36
C 109.882364265 35 36
C 125.799342192 35 36
C 126.210689474 35 36
C 54.7049576408 35 36
C 14.1912027496 35 36
C 75.9006236646 35 36
C 85.7766898191 35 36
C 95.9641063956 35 36
C 109.882364265 35 36
C 125.799342192 35 36
C 126.210689474 35 36
C 54.7049576408 35 36
C 14.1912027496 35 36
C 73.1025859901 42 43
C 85.6817745895 42 43
C 98.038546805 42 43
C 114.90005869 42 43
C 128.85712012 42 43
C 119.91652631 42 43
C 81.7787010461 42 43
C 50.6219998631 42 43
C 45.1415748323 51 52
C 58.4366577126 51 52
C 86.9865498149 51 52
C 132.488999097 51 52
C 155.598424743 51 52
C 132.707376927 51 52
C 33.6733254419 51 52
C 20.7404908635 51 52
C 76.560403407 71 72
C 86.4362062365 71 72
C 95.3003969068 71 72
C 107.760357199 71 72
C 120.903272639 71 72
C 116.885286645 71 72
C 79.4915938833 71 72
C 43.4001101693 71 72
C 67.4473778795 79 80
C 77.445683278 79 80
C 87.6364244604 79 80
C 102.066149004 79 80
C 112.91955112 79 80
C 105.5574778 79 80
C 80.15587828 79 80
C 56.7690947663 79 80
C 67.4618180022 88 89
C 77.9765048839 88 89
C 89.5655403187 88 89
C 100.592000447 88 89
C 104.25998631 88 89
C 96.85815001 88 89
C 85.428297789 88 89
C 74.276744143 88 89
C 8.2073440555 93 94
C 20.2477227428 93 94
C 66.4575545341 93 94
C 141.636974367 93 94
C 159.751869457 93 94
C 133.561813547 93 94
C 35.9666509497 93 94
C 21.877824795 93 94
C 63.7468930591 112 113
C 75.1391853674 112 113
C 87.7792144801 112 113
C 103.653867862 112 113
C 120.91590375 112 113
C 121.005209231 112 113
C 54.6421071834 112 113
C 12.394024574 112 113
C 32.7800741588 117 118
C 51.6760462598 117 118
C 93.4667663576 117 118
C 135.565393122 117 118
C 152.499072529 117 118
C 131.43403304 117 118
C 45.9974970541 117 118
C 28.3159811972 117 118
C 51.7341676352 138 139
C 65.4808083668 138 139
C 81.8306649888 138 139
C 101.341375113 138 139
C 115.08002412 138 139
C 109.001821769 138 139
C 86.4476684489 138 139
C 43.1536019173 138 139
C 7.40895324833 3 4
C 10.089673776 3 4
C 21.4250035942 3 4
C 160.412521704 3 4
C 165.000914891 3 4
C 135.200725536 3 4
C 40.9167892913 3 4
C 25.5301664572 3 4
C 4.687783688 18 19
C 7.33587198856 18 19
C 4.8054921388 18 19
C 162.864881586 18 19
C 153.129033656 18 19
C 114.498719277 18 19
C 38.7021585798 18 19
C 15.1593356129 18 19
C 4.687783688 18 19
C 7.33587198856 18 19
C 4.8054921388 18 19
C 162.864881586 18 19
C 153.129033656 18 19
C 114.498719277 18 19
C 38.7021585798 18 19
C 15.1593356129 18 19
C 73.6547572522 34 35
C 83.8114224385 34 35
C 93.7861255497 34 35
C 106.058869402 34 35
C 118.906674075 34 35
C 110.794567714 34 35
C 54.4849094222 34 35
C 19.8735385863 34 35
C 73.6547572522 34 35
C 83.8114224385 34 35
C 93.7861255497 34 35
C 106.058869402 34 35
C 118.906674075 34 35
C 110.794567714 34 35
C 54.4849094222 34 35
C 19.8735385863 34 35
C 67.7788825908 41 42
C 80.3120113068 41 42
C 95.6757922387 41 42
C 116.472711235 41 42
C 132.671820672 41 42
C 123.684864455 41 42
C 87.3496172286 41 42
C 57.0977719223 41 42
C 52.6120634048 49 50
C 70.8428227597 49 50
C 94.3663835408 49 50
C 113.825684333 49 50
C 129.592449127 49 50
C 109.016176732 49 50
C 55.8130963611 49 50
C 37.476054963 49 50
C 51.5971751385 56 57
C 65.9002930102 56 57
C 91.6007458457 56 57
C 126.738672683 56 57
C 153.174800225 56 57
C 136.830595502 56 57
C 16.5310920248 56 57
C 5.03187843222 56 57
C 51.5971751385 56 57
C 65.9002930102 56 57
C 91.6007458457 56 57
C 126.738672683 56 57
C 153.174800225 56 57
C 136.830595502 56 57
C 16.5310920248 56 57
C 5.03187843222 56 57
C 70.9155067825 76 77
C 81.8230118508 76 77
C 91.8660631998 76 77
C 106.598587194 76 77
C 121.977462299 76 77
C 117.779742598 76 77
C 76.887853237 76 77
C 42.3521069072 76 77
C 69.7797015126 84 85
C 80.0933952769 84 85
C 90.9884474305 84 85
C 105.85326353 84 85
C 117.950785897 84 85
C 113.017661812 84 85
C 87.2220872867 84 85
C 61.4839230678 84 85
C 60.5098815429 93 94
C 70.113249669 93 94
C 82.7874691473 93 94
C 95.2854008607 93 94
C 101.0001083 93 94
C 94.1047963286 93 94
C 82.5939935087 93 94
C 72.2195941328 93 94
C 0.879188540703 98 99
C 7.2908004533 98 99
C 34.1937272985 98 99
C 148.613283848 98 99
C 158.464778671 98 99
C 132.864858361 98 99
C 35.4504688123 98 99
C 18.4369036088 98 99
C 66.4719609959 117 118
C 75.8323945087 117 118
C 86.6539985603 117 118
C 101.167909638 117 118
C 111.645939635 117 118
C 99.5631864903 117 118
C 53.9088759282 117 118
C 21.7632629314 117 118
C 38.0452323411 122 123
C 56.0831096681 122 123
C 94.7896807113 122 123
C 139.895729281 122 123
C 156.084762324 122 123
C 133.776942743 122 123
C 57.9662115406 122 123
C 36.4322126467 122 123
C 61.1352463283 143 144
C 76.884908437 143 144
C 94.2497239238 143 144
C 113.480489258 143 144
C 120.992728908 143 144
C 104.796366212 143 144
C 66.7874181981 143 144
C 38.0405581955 143 144
C 12.0286834864 2 3
C 18.7435987114 2 3
C 65.4577706626 2 3
C 163.522963897 2 3
C 156.259618173 2 3
C 99.1735063786 2 3
C 42.6873993304 2 3
C 29.7368499224 2 3
C 53.2455234965 18 19
C 69.961312568 18 19
C 88.0594056359 18 19
C 102.713384423 18 19
C 112.783473028 18 19
C 109.451522127 18 19
C 92.9459853969 18 19
C 71.3296153366 18 19
C 58.9853550788 19 20
C 67.2360429875 19 20
C 78.4944232867 19 20
C 97.4787761234 19 20
C 113.105177617 19 20
C 107.349496505 19 20
C 82.7433830519 19 20
C 61.8576794301 19 20
C 75.9006236646 35 36
C 85.7766898191 35 36
C 95.9641063956 35 36
C 109.882364265 35 36
C 125.799342192 35 36
C 126.210689474 35 36
C 54.7049576408 35 36
C 14.1912027496 35 36
C 75.9006236646 35 36
C 85.7766898191 35 36
C 95.9641063956 35 36
C 109.882364265 35 36
C 125.799342192 35 36
C 126.210689474 35 36
C 54.7049576408 35 36
C 14.1912027496 35 36
C 73.1025859901 42 43
C 85.6817745895 42 43
C 98.038546805 42 43
C 114.90005869 42 43
C 128.85712012 42 43
C 119.91652631 42 43
C 81.7787010461 42 43
C 50.6219998631 42 43
C 45.1415748323 51 52
C 58.4366577126 51 52
C 86.9865498149 51 52
C 132.488999097 51 52
C 155.598424743 51 52
C 132.707376927 51 52
C 33.6733254419 51 52
C 20.7404908635 51 52
C 76.560403407 71 72
C 86.4362062365 71 72
C 95.3003969068 71 72
C 107.760357199 71 72
C 120.903272639 71 72
C 116.885286645 71 72
C 79.4915938833 71 72
C 43.4001101693 71 72
C 67.4473778795 79 80
C 77.445683278 79 80
C 87.6364244604 79 80
C 102.066149004 79 80
C 112.91955112 79 80
C 105.5574778 79 80
C 80.15587828 79 80
C 56.7690947663 79 80
C 67.4618180022 88 89
C 77.9765048839 88 89
C 89.5655403187 88 89
C 100.592000447 88 89
C 104.25998631 88 89
C 96.85815001 88 89
C 85.428297789 88 89
C 74.276744143 88 89
C 8.2073440555 93 94
C 20.2477227428 93 94
C 66.4575545341 93 94
C 141.636974367 93 94
C 159.751869457 93 94
C 133.561813547 93 94
C 35.9666509497 93 94
C 21.877824795 93 94
C 63.7468930591 112 113
C 75.1391853674 112 113
C 87.7792144801 112 113
C 103.653867862 112 113
C 120.91590375 112 113
C 121.005209231 112 113
C 54.6421071834 112 113
C 12.394024574 112 113
C 32.7800741588 117 118
C 51.6760462598 117 118
C 93.4667663576 117 118
C 135.565393122 117 118
C 152.499072529 117 118
C 131.43403304 117 118
C 45.9974970541 117 118
C 28.3159811972 117 118
C 51.7341676352 138 139
C 65.4808083668 138 139
C 81.8306649888 138 139
C 101.341375113 138 139
C 115.08002412 138 139
C 109.001821769 138 139
C 86.4476684489 138 139
C 43.1536019173 138 139
C 7.40895324833 3 4
C 10.089673776 3 4
C 21.4250035942 3 4
C 160.412521704 3 4
C 165.000914891 3 4
C 135.200725536 3 4
C 40.9167892913 3 4
C 25.5301664572 3 4
C 4.687783688 18 19
C 7.33587198856 18 19
C 4.8054921388 18 19
C 162.864881586 18 19
C 153.129033656 18 19
C 114.498719277 18 19
C 38.7021585798 18 19
C 15.1593356129 18 19
C 4.687783688 18 19
C 7.33587198856 18 19
C 4.8054921388 18 19
C 162.864881586 18 19
C 153.129033656 18 19
C 114.498719277 18 19
C 38.7021585798 18 19
C 15.1593356129 18 19
C 73.6547572522 34 35
C 83.8114224385 34 35
C 93.7861255497 34 35
C 106.058869402 34 35
C 118.906674075 34 35
C 110.794567714 34 35
C 54.4849094222 34 35
C 19.8735385863 34 35
C 73.6547572522 34 35
C 83.8114224385 34 35
C 93.7861255497 34 35
C 106.058869402 34 35
C 118.906674075 34 35
C 110.794567714 34 35
C 54.4849094222 34 35
C 19.8735385863 34 35
C 67.7788825908 41 42
C 80.3120113068 41 42
C 95.6757922387 41 42
C 116.472711235 41 42
C 132.671820672 41 42
C 123.684864455 41 42
C 87.3496172286 41 42
C 57.0977719223 41 42
C 52.6120634048 49 50
C 70.8428227597 49 50
C 94.3663835408 49 50
C 113.825684333 49 50
C 129.592449127 49 50
C 109.016176732 49 50
C 55.8130963611 49 50
C 37.476054963 49 50
C 51.5971751385 56 57
C 65.9002930102 56 57
C 91.6007458457 56 57
C 126.738672683 56 57
C 153.174800225 56 57
C 136.830595502 56 57
C 16.5310920248 56 57
C 5.03187843222 56 57
C 51.5971751385 56 57
C 65.9002930102 56 57
C 91.6007458457 56 57
C 126.738672683 56 57
C 153.174800225 56 57
C 136.830595502 56 57
C 16.5310920248 56 57
C 5.03187843222 56 57
C 70.9155067825 76 77
C 81.8230118508 76 77
C 91.8660631998 76 77
C 106.598587194 76 77
C 121.977462299 76 77
C 117.779742598 76 77
C 76.887853237 76 77
C 42.3521069072 76 77
C 69.7797015126 84 85
C 80.0933952769 84 85
C 90.9884474305 84 85
C 105.85326353 84 85
C 117.950785897 84 85
C 113.017661812 84 85
C 87.2220872867 84 85
C 61.4839230678 84 85
C 60.5098815429 93 94
C 70.113249669 93 94
C 82.7874691473 93 94
C 95.2854008607 93 94
C 101.0001083 93 94
C 94.1047963286 93 94
C 82.5939935087 93 94
C 72.2195941328 93 94
C 0.879188540703 98 99
C 7.2908004533 98 99
C 34.1937272985 98 99
C 148.613283848 98 99
C 158.464778671 98 99
C 132.864858361 98 99
C 35.4504688123 98 99
C 18.4369036088 98 99
C 66.4719609959 117 118
C 75.8323945087 117 118
C 86.6539985603 117 118
C 101.167909638 117 118
C 111.645939635 117 118
C 99.5631864903 117 118
C 53.9088759282 117 118
C 21.7632629314 117 118
C 38.0452323411 122 123
C 56.0831096681 122 123
C 94.7896807113 122 123
C 139.895729281 122 123
C 156.084762324 122 123
C 133.776942743 122 123
C 57.9662115406 122 123
C 36.4322126467 122 123
C 61.1352463283 143 144
C 76.884908437 143 144
C 94.2497239238 143 144
C 113.480489258 143 144
C 120.992728908 143 144
C 104.796366212 143 144
C 66.7874181981 143 144
