Ca 147.18054519 2 3
Ca 151.084494303 2 3
Ca 112.62817353 2 3
Ca 72.9683270631 2 3
Ca 53.0192541254 2 3
Ca 45.2149712252 18 19
Ca 70.2270128957 18 19
Ca 89.5572091395 18 19
Ca 96.4232508526 18 19
Ca 94.8690603113 18 19
Ca 92.1871694275 18 19
Ca 82.6604544789 18 19
Ca 68.4968068537 18 19
Ca 71.7970864392 19 20
Ca 85.9731541849 19 20
Ca 96.9064050209 19 20
Ca 101.420253108 19 20
Ca 103.559413899 19 20
Ca 95.2531852384 19 20
Ca 78.6678276191 19 20
Ca 59.6839298202 19 20
Ca 71.317257875 36 37
Ca 86.8869521754 36 37
Ca 113.798687279 36 37
Ca 156.200032146 36 37
Ca 153.981005933 36 37
Ca 117.723067485 36 37
Ca 89.4233227793 36 37
Ca 70.183994341 36 37
Ca 74.0932773712 51 52
Ca 89.5369268827 51 52
Ca 115.229646304 51 52
Ca 151.0644346 51 52
Ca 152.89447627 51 52
Ca 111.083410304 51 52
Ca 70.6338569894 51 52
Ca 49.2928896476 51 52
Ca 78.472884586 72 73
Ca 94.3693648519 72 73
Ca 117.271908019 72 73
Ca 147.574609423 72 73
Ca 145.868901562 72 73
Ca 117.658772669 72 73
Ca 93.8462358077 72 73
Ca 78.5275855921 72 73
Ca 74.1049375527 74 75
Ca 87.9912857582 74 75
Ca 96.5544824121 74 75
Ca 97.9607929023 74 75
Ca 94.7904262636 74 75
Ca 85.0657612756 74 75
Ca 64.1360041061 74 75
Ca 43.1422336769 74 75
Ca 75.6921472316 80 81
Ca 90.7500989193 80 81
Ca 108.278066 80 81
Ca 124.903937922 80 81
Ca 125.597370541 80 81
Ca 110.98531797 80 81
Ca 92.668590451 80 81
Ca 76.7903153896 80 81
Ca 78.8854675281 79 80
Ca 88.9253095132 79 80
Ca 96.546479983 79 80
Ca 98.6871324025 79 80
Ca 96.3931018893 79 80
Ca 90.225371344 79 80
Ca 74.2072318371 79 80
Ca 54.7384996879 79 80
Ca 70.8599684304 90 91
Ca 81.4490736417 90 91
Ca 92.460672503 90 91
Ca 99.0041300571 90 91
Ca 97.9424200439 90 91
Ca 88.2496136207 90 91
Ca 66.156246435 90 91
Ca 45.9197513183 90 91
Ca 47.3863046289 94 95
Ca 67.1450127161 94 95
Ca 99.2711236182 94 95
Ca 129.202692535 94 95
Ca 123.195095106 94 95
Ca 106.184507527 94 95
Ca 85.7624854791 94 95
Ca 69.9730059484 94 95
Ca 66.7456674898 113 114
Ca 82.9919179703 113 114
Ca 109.699633831 113 114
Ca 149.463130137 113 114
Ca 151.384330364 113 114
Ca 118.08532684 113 114
Ca 92.2013800273 113 114
Ca 75.9466033685 113 114
Ca 65.7018534914 117 118
Ca 85.7124484003 117 118
Ca 115.358589897 117 118
Ca 150.264746941 117 118
Ca 147.757436604 117 118
Ca 102.125060258 117 118
Ca 65.7673791605 117 118
Ca 48.3479199851 117 118
Ca 75.7469066446 137 138
Ca 91.0930032016 137 138
Ca 107.325531192 137 138
Ca 119.230742969 137 138
Ca 116.498536966 137 138
Ca 104.264795389 137 138
Ca 87.0646048435 137 138
Ca 69.0944436863 137 138
Ca 37.3609337844 146 147
Ca 59.6317794957 146 147
Ca 102.61407097 146 147
Ca 135.855708316 146 147
Ca 138.249901816 146 147
Ca 110.053499748 146 147
Ca 73.6416376301 146 147
Ca 54.3212812983 146 147
Ca 75.8173743609 160 161
Ca 91.7433489492 160 161
Ca 113.004479589 160 161
Ca 130.174381672 160 161
Ca 125.573906804 160 161
Ca 96.2249777399 160 161
Ca 58.9258763414 160 161
Ca 35.1594558211 160 161
Ca 42.5968024889 161 162
Ca 63.8315523078 161 162
Ca 99.5832313097 161 162
Ca 137.781682404 161 162
Ca 139.450027938 161 162
Ca 108.138297007 161 162
Ca 72.3689954977 161 162
Ca 48.7045860829 161 162
Ca 73.5264890109 178 179
Ca 88.6820009038 178 179
Ca 114.766524108 178 179
Ca 156.100631142 178 179
Ca 156.722546242 178 179
Ca 117.856613962 178 179
Ca 89.6102231537 178 179
Ca 70.7832718745 178 179
Ca 57.0776155123 192 193
Ca 76.8947785258 192 193
Ca 95.8371572331 192 193
Ca 104.007118532 192 193
Ca 97.7914090078 192 193
Ca 83.5036016072 192 193
Ca 59.293553963 192 193
Ca 44.1347742567 192 193
Ca 53.0767777174 200 201
Ca 74.0358862482 200 201
Ca 105.20516382 200 201
Ca 140.651298994 200 201
Ca 139.383159225 200 201
Ca 114.791683462 200 201
Ca 92.233390776 200 201
Ca 77.0287234687 200 201
Ca 76.5068001174 199 200
Ca 90.7705891612 199 200
Ca 112.990855377 199 200
Ca 134.568128864 199 200
Ca 128.697595843 199 200
Ca 105.59880476 199 200
Ca 74.6529940753 199 200
Ca 52.9901148548 199 200
Ca 78.8619147179 218 219
Ca 92.2986341232 218 219
Ca 102.085038043 218 219
Ca 104.624983726 218 219
Ca 100.973418695 218 219
Ca 96.1948307848 218 219
Ca 86.514819702 218 219
Ca 71.6906330311 218 219
Ca 73.0625733104 222 223
Ca 86.8462210574 222 223
Ca 96.1045524737 222 223
Ca 97.9077852192 222 223
Ca 95.0894255102 222 223
Ca 85.3376194777 222 223
Ca 61.5699064844 222 223
Ca 39.2639177982 222 223
Ca 75.5317719747 228 229
Ca 90.6873750439 228 229
Ca 106.087534274 228 229
Ca 119.557580647 228 229
Ca 119.363349052 228 229
Ca 105.752468264 228 229
Ca 89.5788315652 228 229
Ca 74.6483985258 228 229
Ca 79.2164442221 227 228
Ca 89.7989408849 227 228
Ca 97.246616429 227 228
Ca 98.6515727168 227 228
Ca 95.3671625067 227 228
Ca 88.4862263631 227 228
Ca 73.1563141274 227 228
Ca 55.9845852062 227 228
Ca 73.5414819019 238 239
Ca 83.7786936197 238 239
Ca 93.8875378692 238 239
Ca 99.2171421169 238 239
Ca 98.7091858222 238 239
Ca 90.7832985831 238 239
Ca 70.8662684611 238 239
Ca 50.8933360098 238 239
Ca 47.9867521924 242 243
Ca 68.2277863426 242 243
Ca 102.569924001 242 243
Ca 136.308486857 242 243
Ca 129.955055677 242 243
Ca 109.827618508 242 243
Ca 88.1762937576 242 243
Ca 71.264849096 242 243
Ca 37.1412316048 262 263
Ca 59.5555456454 262 263
Ca 83.8052385795 262 263
Ca 94.9565025558 262 263
Ca 95.9824813737 262 263
Ca 94.9069917674 262 263
Ca 86.3406212191 262 263
Ca 74.546053318 262 263
Ca 72.6235360335 265 266
Ca 92.9681130788 265 266
Ca 118.725340663 265 266
Ca 150.782522606 265 266
Ca 165.935260356 265 266
Ca 110.993843246 265 266
Ca 69.1886071287 265 266
Ca 50.6757148316 265 266
Ca 64.1641276164 286 287
Ca 80.9745483188 286 287
Ca 94.9470472947 286 287
Ca 101.144770212 286 287
Ca 100.298572389 286 287
Ca 90.1019401995 286 287
Ca 72.6942554713 286 287
Ca 53.660794225 286 287
Ca 9.97323769648 402 403
Ca 14.8165931611 402 403
Ca 30.4838067548 402 403
Ca 152.523580336 402 403
Ca 157.017446744 402 403
Ca 112.191743649 402 403
Ca 71.4714385902 402 403
Ca 51.8435714342 402 403
Ca 40.6504788815 418 419
Ca 66.2500310784 418 419
Ca 87.4241528922 418 419
Ca 95.3123065497 418 419
Ca 94.8525128366 418 419
Ca 93.4126330282 418 419
Ca 84.9769866877 418 419
Ca 71.3769907703 418 419
Ca 73.7216373932 419 420
Ca 87.9232174303 419 420
Ca 98.9549922123 419 420
Ca 103.253812067 419 420
Ca 105.263186747 419 420
Ca 97.7320655429 419 420
Ca 81.2737116419 419 420
Ca 61.6718649374 419 420
Ca 72.9178040738 436 437
Ca 89.0561993101 436 437
Ca 116.64735434 436 437
Ca 159.28652019 436 437
Ca 155.097097272 436 437
Ca 118.883271436 436 437
Ca 90.9888492881 436 437
Ca 72.0324710789 436 437
Ca 74.986668464 451 452
Ca 90.8703585209 451 452
Ca 117.237966557 451 452
Ca 154.287264824 451 452
Ca 157.709570137 451 452
Ca 111.022637207 451 452
Ca 70.0305004869 451 452
Ca 48.6498907328 451 452
Ca 80.6145004167 471 472
Ca 91.3601764085 471 472
Ca 99.8016061322 471 472
Ca 101.652476384 471 472
Ca 98.8509330322 471 472
Ca 92.3235705509 471 472
Ca 74.9636017282 471 472
Ca 52.6261616833 471 472
Ca 76.5313296393 474 475
Ca 90.6758266261 474 475
Ca 98.9570535986 474 475
Ca 99.1815739954 474 475
Ca 96.0590505434 474 475
Ca 87.8877287862 474 475
Ca 67.7060288517 474 475
Ca 45.139698307 474 475
Ca 76.6004407901 480 481
Ca 91.9933047183 480 481
Ca 109.189589707 480 481
Ca 124.483947524 480 481
Ca 123.844241354 480 481
Ca 107.609664444 480 481
Ca 89.2555829184 480 481
Ca 73.4362987379 480 481
Ca 76.7938109094 479 480
Ca 87.7522067506 479 480
Ca 97.1781858972 479 480
Ca 100.338573061 479 480
Ca 98.4968020634 479 480
Ca 91.9316550239 479 480
Ca 76.4042837062 479 480
Ca 58.121350151 479 480
Ca 67.9763042731 490 491
Ca 78.8303924517 490 491
Ca 90.7283489396 490 491
Ca 98.7265864338 490 491
Ca 99.4945374924 490 491
Ca 91.64389984 490 491
Ca 71.1453822205 490 491
Ca 50.8457059206 490 491
Ca 72.5573447501 496 497
Ca 87.4285235101 496 497
Ca 100.426138997 496 497
Ca 105.437061411 496 497
Ca 105.259914551 496 497
Ca 99.6499195124 496 497
Ca 87.5802093597 496 497
Ca 72.2711356521 496 497
Ca 69.0813227034 513 514
Ca 85.3015266423 513 514
Ca 113.0607779 513 514
Ca 154.593234714 513 514
Ca 150.617449215 513 514
Ca 115.051289621 513 514
Ca 89.8570040597 513 514
Ca 74.0904685632 513 514
Ca 65.3630794734 517 518
Ca 85.3702555609 517 518
Ca 114.470994987 517 518
Ca 149.118039359 517 518
Ca 148.728157886 517 518
Ca 101.548433312 517 518
Ca 64.9404707935 517 518
Ca 47.8659736813 517 518
Ca 78.1293072261 537 538
Ca 93.2883944766 537 538
Ca 109.709208582 537 538
Ca 122.68475655 537 538
Ca 118.97609271 537 538
Ca 104.972171987 537 538
Ca 87.0951852521 537 538
Ca 69.0730620499 537 538
Ca 31.7417828145 546 547
Ca 53.4285183784 546 547
Ca 102.065433459 546 547
Ca 135.838788505 546 547
Ca 138.230480679 546 547
Ca 112.968778175 546 547
Ca 75.8485997512 546 547
Ca 54.4735178377 546 547
Ca 76.2849352126 559 560
Ca 89.8730424403 559 560
Ca 100.08270369 559 560
Ca 102.320746158 559 560
Ca 99.5594197836 559 560
Ca 88.6729732061 559 560
Ca 71.4768464115 559 560
Ca 55.0944629424 559 560
Ca 42.5049049377 561 562
Ca 64.391227344 561 562
Ca 100.538708703 561 562
Ca 141.082786394 561 562
Ca 143.93711383 561 562
Ca 111.438198203 561 562
Ca 74.2712200646 561 562
Ca 50.2313871396 561 562
Ca 74.5273188895 578 579
Ca 89.9799842289 578 579
Ca 116.56513181 578 579
Ca 158.09219621 578 579
Ca 154.73433616 578 579
Ca 118.03743169 578 579
Ca 90.1172245609 578 579
Ca 71.3132074429 578 579
Ca 55.1160960087 592 593
Ca 75.6046552945 592 593
Ca 96.7658836384 592 593
Ca 106.607654281 592 593
Ca 100.188506607 592 593
Ca 84.2441516135 592 593
Ca 56.4187439519 592 593
Ca 40.4290720759 592 593
Ca 51.2286507528 600 601
Ca 72.5943325267 600 601
Ca 104.572077506 600 601
Ca 143.923617435 600 601
Ca 143.55148102 600 601
Ca 116.650729367 600 601
Ca 93.2357234473 600 601
Ca 77.3023119214 600 601
Ca 73.903364383 599 600
Ca 88.5599842708 599 600
Ca 109.646489139 599 600
Ca 125.571290149 599 600
Ca 119.309447825 599 600
Ca 99.3262349647 599 600
Ca 67.7432151539 599 600
Ca 45.4146375589 599 600
Ca 83.7214579656 619 620
Ca 94.5099982328 619 620
Ca 101.580516847 619 620
Ca 101.78801729 619 620
Ca 96.7205132783 619 620
Ca 87.7202694356 619 620
Ca 67.5282392752 619 620
Ca 45.6290523279 619 620
Ca 74.00868058 622 623
Ca 88.6330547337 622 623
Ca 97.5521851032 622 623
Ca 98.8057412946 622 623
Ca 96.5347776336 622 623
Ca 87.6527560284 622 623
Ca 63.8120665758 622 623
Ca 39.4077406362 622 623
Ca 68.901213413 638 639
Ca 79.273196719 638 639
Ca 89.9658120477 638 639
Ca 95.7438253437 638 639
Ca 96.2470372365 638 639
Ca 88.2054998417 638 639
Ca 68.5584260202 638 639
Ca 49.2205281458 638 639
Ca 49.3893414603 642 643
Ca 69.2196346761 642 643
Ca 100.805717315 642 643
Ca 136.036549404 642 643
Ca 132.813224448 642 643
Ca 113.100596752 642 643
Ca 91.3549716037 642 643
Ca 74.6035807463 642 643
Ca 42.375599361 662 663
Ca 65.2682941332 662 663
Ca 86.3943531192 662 663
Ca 94.7272028186 662 663
Ca 94.4123491079 662 663
Ca 92.0262758931 662 663
Ca 83.026597812 662 663
Ca 71.6180001035 662 663
Ca 69.2204168585 665 666
Ca 89.4628937452 665 666
Ca 117.451663967 665 666
Ca 152.826259632 665 666
Ca 161.768096365 665 666
Ca 108.828202066 665 666
Ca 69.2350255568 665 666
Ca 50.8690322918 665 666
Ca 62.1877512901 686 687
Ca 79.2826548366 686 687
Ca 93.8230617128 686 687
Ca 100.279059963 686 687
Ca 99.8885375732 686 687
Ca 89.9614168209 686 687
Ca 72.8841698066 686 687
Ca 53.6323279914 686 687
