C 79.1161745214 2 3
C 162.958635265 2 3
C 166.328540287 2 3
C 129.323194096 2 3
C 49.2077327917 2 3
C 32.0298833703 2 3
C 46.6828518694 18 19
C 63.1198367406 18 19
C 82.602293225 18 19
C 99.4026039026 18 19
C 109.924265528 18 19
C 104.934744461 18 19
C 88.9620228417 18 19
C 70.1950863154 18 19
C 67.1075718423 19 20
C 76.368247745 19 20
C 87.2671269701 19 20
C 105.128655217 19 20
C 118.942114268 19 20
C 113.827236798 19 20
C 85.9773708327 19 20
C 60.8603630389 19 20
C 36.720947881 36 37
C 43.7905227143 36 37
C 67.1814464926 36 37
C 156.209223159 36 37
C 147.213090256 36 37
C 120.603424513 36 37
C 95.5686765667 36 37
C 75.648036469 36 37
C 44.3198570983 51 52
C 56.5343769343 51 52
C 84.1612516398 51 52
C 138.647418261 51 52
C 168.922171955 51 52
C 168.982715582 51 52
C 16.3599114191 51 52
C 8.13244196416 51 52
C 40.1410661524 72 73
C 48.5476230836 72 73
C 68.6285896885 72 73
C 111.458449702 72 73
C 128.82364829 72 73
C 112.940654783 72 73
C 93.7508883015 72 73
C 81.2695681374 72 73
C 72.8967761627 74 75
C 83.3801621052 74 75
C 93.2512146682 74 75
C 107.061624293 74 75
C 118.730793397 74 75
C 108.761001658 74 75
C 58.4741553446 74 75
C 28.610581055 74 75
C 42.4207306666 80 81
C 51.5372411954 80 81
C 70.0412443566 80 81
C 102.460992847 80 81
C 121.585485313 80 81
C 112.749174777 80 81
C 93.1839459125 80 81
C 80.5118046734 80 81
C 73.3828636283 79 80
C 83.5629592589 79 80
C 93.8174666365 79 80
C 108.19602879 79 80
C 121.056989116 79 80
C 116.036754284 79 80
C 85.5465838137 79 80
C 56.432830829 79 80
C 60.7836768576 90 91
C 70.9910802791 90 91
C 84.2502125927 90 91
C 101.216667815 90 91
C 110.216939228 90 91
C 91.6392784212 90 91
C 46.1486025293 90 91
C 22.2558497558 90 91
C 19.019708413 94 95
C 25.4051380884 94 95
C 57.1405923521 94 95
C 148.297507251 94 95
C 138.844924125 94 95
C 116.063523512 94 95
C 95.6326224921 94 95
C 74.8887304723 94 95
C 38.559411434 113 114
C 49.102274235 113 114
C 73.4769173507 113 114
C 118.029735905 113 114
C 134.9283623 113 114
C 118.013119866 113 114
C 97.9975686944 113 114
C 86.7803155157 113 114
C 39.6214554327 117 118
C 59.7856355885 117 118
C 96.6616061712 117 118
C 130.290830238 117 118
C 139.900738019 117 118
C 108.899755317 117 118
C 53.1754601113 117 118
C 36.0415130824 117 118
C 50.788642085 137 138
C 61.3874193816 137 138
C 78.0286691913 137 138
C 99.9718967614 137 138
C 116.662843405 137 138
C 110.382187172 137 138
C 87.0947331423 137 138
C 68.6621041939 137 138
C 10.2979851627 146 147
C 12.0120317406 146 147
C 116.043093506 146 147
C 166.725888643 146 147
C 162.20010691 146 147
C 114.504602011 146 147
C 39.2948985053 146 147
C 25.3128989596 146 147
C 53.1384345519 160 161
C 69.0008865806 160 161
C 96.5588447253 160 161
C 131.089513509 160 161
C 148.930503011 160 161
C 130.599858448 160 161
C 7.45436431636 160 161
C 1.65424624119 160 161
C 7.18211883156 161 162
C 8.74043233793 161 162
C 30.506317661 161 162
C 152.517727924 161 162
C 149.338000409 161 162
C 119.167756132 161 162
C 40.9610528326 161 162
C 14.1670665905 161 162
C 40.3259549518 178 179
C 48.9963800245 178 179
C 72.7666693019 178 179
C 139.270118126 178 179
C 154.521264693 178 179
C 122.4680675 178 179
C 95.0416524435 178 179
C 74.9564669904 178 179
C 59.5505472451 192 193
C 79.6891151664 192 193
C 103.256003961 192 193
C 120.710540177 192 193
C 133.565231626 192 193
C 107.444482029 192 193
C 60.5999910428 192 193
C 40.8483897482 192 193
C 20.677724756 200 201
C 29.0866964506 200 201
C 61.6392039574 200 201
C 167.946369429 200 201
C 137.72397383 200 201
C 113.085158447 200 201
C 96.2157091715 200 201
C 83.5134570879 200 201
C 49.3455105239 199 200
C 63.2344054627 199 200
C 89.0564986307 199 200
C 127.970529836 199 200
C 156.139358286 199 200
C 142.641704051 199 200
C 20.2240281842 199 200
C 7.12270918912 199 200
C 65.3069694725 218 219
C 76.7401310072 218 219
C 88.0569701829 218 219
C 97.8175077876 218 219
C 105.311536097 218 219
C 99.6742186733 218 219
C 82.698623202 218 219
C 66.1047799256 218 219
C 74.0779674142 222 223
C 84.9830521936 222 223
C 95.1848031267 222 223
C 110.12169572 222 223
C 123.242811449 222 223
C 114.719312528 222 223
C 74.8569608705 222 223
C 44.0232405657 222 223
C 47.0753999262 228 229
C 57.6742557696 228 229
C 77.443713096 228 229
C 105.545923435 228 229
C 120.109703904 228 229
C 112.420270057 228 229
C 94.3391226047 228 229
C 81.8935579907 228 229
C 71.2457821442 227 228
C 82.1111420257 227 228
C 93.0570968313 227 228
C 107.972756676 227 228
C 118.576207644 227 228
C 109.751522436 227 228
C 82.5390509123 227 228
C 58.5062101139 227 228
C 63.2381699336 238 239
C 72.0079765325 238 239
C 83.1774548309 238 239
C 98.7568337104 238 239
C 108.439739313 238 239
C 95.6853836209 238 239
C 57.1894082985 238 239
C 30.025325421 238 239
C 19.0893596048 242 243
C 27.3026562427 242 243
C 60.0546377139 242 243
C 150.778951982 242 243
C 140.093612621 242 243
C 117.743230357 242 243
C 97.3838319274 242 243
C 77.2463253565 242 243
C 36.863683769 262 263
C 54.0597109035 262 263
C 77.3016139902 262 263
C 96.7780851513 262 263
C 110.292160215 262 263
C 109.253037653 262 263
C 98.7250069731 262 263
C 77.5220650574 262 263
C 39.8662009435 265 266
C 57.8339268312 265 266
C 95.3127070586 265 266
C 139.554694161 265 266
C 153.385203523 265 266
C 124.386969427 265 266
C 61.7659101491 265 266
C 41.4536044807 265 266
C 55.8941695979 286 287
C 69.8822523554 286 287
C 85.9628348543 286 287
C 105.017308765 286 287
C 115.287747093 286 287
C 103.933990778 286 287
C 69.3936503983 286 287
C 37.0031427466 286 287
C 14.5735880248 402 403
C 23.432711951 402 403
C 84.2252743903 402 403
C 156.144727913 402 403
C 161.013352655 402 403
C 121.024636323 402 403
C 45.9461470596 402 403
C 30.2843779209 402 403
C 37.819423943 418 419
C 54.1478906641 418 419
C 75.2118304972 418 419
C 94.0157718636 418 419
C 105.548774222 418 419
C 100.574539469 418 419
C 85.0935016071 418 419
C 67.0457110002 418 419
C 69.2863532292 419 420
C 78.728883217 419 420
C 89.5743530028 419 420
C 107.677179036 419 420
C 122.481393002 419 420
C 117.499188724 419 420
C 89.8479941318 419 420
C 63.4308767552 419 420
C 37.6977857095 436 437
C 46.520273459 436 437
C 71.3179510315 436 437
C 143.407732012 436 437
C 151.55241071 436 437
C 122.63771503 436 437
C 95.9769538094 436 437
C 76.2458663577 436 437
C 41.8492941019 451 452
C 53.9875410861 451 452
C 81.6154304319 451 452
C 135.584787481 451 452
C 161.373971956 451 452
C 138.98016641 451 452
C 23.0851620227 451 452
C 16.8881434845 451 452
C 76.9581598769 471 472
C 86.8812719843 471 472
C 95.5597153671 471 472
C 107.578672508 471 472
C 119.293999436 471 472
C 116.319390689 471 472
C 84.2085939685 471 472
C 46.5228256136 471 472
C 78.2725403849 474 475
C 88.7657830226 474 475
C 97.0032422232 474 475
C 109.214219459 474 475
C 120.224976048 474 475
C 113.825417767 474 475
C 74.3158138593 474 475
C 40.97258472 474 475
C 48.5347604694 480 481
C 59.3466877257 480 481
C 78.3410695092 480 481
C 108.145194639 480 481
C 127.909856192 480 481
C 121.42027558 480 481
C 99.4188407349 480 481
C 84.2925431834 480 481
C 67.6329048873 479 480
C 77.9891550468 479 480
C 88.6093156988 479 480
C 103.630213171 479 480
C 114.89772336 479 480
C 108.375742695 479 480
C 82.7443648978 479 480
C 58.387723909 479 480
C 56.9041980971 490 491
C 66.2887466468 490 491
C 79.3731487 490 491
C 97.8789380175 490 491
C 110.301520545 490 491
C 95.1783214692 490 491
C 46.2359923625 490 491
C 21.3923864279 490 491
C 51.7807843889 496 497
C 64.555901296 496 497
C 79.7055944391 496 497
C 99.7445917526 496 497
C 113.132007227 496 497
C 110.05990798 496 497
C 93.3025958188 496 497
C 76.8664403919 496 497
C 35.2137813985 513 514
C 45.5269796208 513 514
C 70.0458003409 513 514
C 114.463280371 513 514
C 127.874944275 513 514
C 109.824835134 513 514
C 89.0051509353 513 514
C 77.645421307 513 514
C 40.1834816868 517 518
C 59.1327211057 517 518
C 92.9897260437 517 518
C 127.673310957 517 518
C 140.523971463 517 518
C 109.663997503 517 518
C 46.8264125621 517 518
C 30.8818625634 517 518
C 52.0910445661 537 538
C 63.7279335571 537 538
C 83.1226958267 537 538
C 106.769146765 537 538
C 119.695810961 537 538
C 108.677856614 537 538
C 84.6015787686 537 538
C 67.456038769 537 538
C 7.96381205451 546 547
C 7.281487197 546 547
C 55.9209228932 546 547
C 173.244035633 546 547
C 167.703674374 546 547
C 130.396255024 546 547
C 47.3809266707 546 547
C 30.76913572 546 547
C 66.3451969139 559 560
C 77.7075424981 559 560
C 88.3469073266 559 560
C 101.696669772 559 560
C 109.025130102 559 560
C 97.0212278896 559 560
C 68.1698171783 559 560
C 48.9897109715 559 560
C 2.29645477653 561 562
C 8.17160117924 561 562
C 26.3482323302 561 562
C 166.559344407 561 562
C 159.865665564 561 562
C 126.999413895 561 562
C 36.0922141779 561 562
C 11.0547722819 561 562
C 39.6728343841 578 579
C 48.5547189592 578 579
C 73.9158600807 578 579
C 139.789154965 578 579
C 151.469136628 578 579
C 121.214804535 578 579
C 93.8137964191 578 579
C 74.1472041427 578 579
C 58.1039280707 592 593
C 78.9804206743 592 593
C 104.034019517 592 593
C 123.362431857 592 593
C 140.353069738 592 593
C 121.818375924 592 593
C 71.4405949578 592 593
C 47.6064661509 592 593
C 18.8012075931 600 601
C 24.7058899425 600 601
C 42.2126672756 600 601
C 165.401138871 600 601
C 137.861970811 600 601
C 113.209101749 600 601
C 96.0599266451 600 601
C 83.3222808354 600 601
C 49.6924995536 599 600
C 64.3297276085 599 600
C 90.4196387889 599 600
C 128.450350466 599 600
C 157.13404864 599 600
C 161.598395729 599 600
C 15.3951525133 599 600
C 4.42577099959 599 600
C 78.9252090656 619 620
C 89.2441951201 619 620
C 98.2716197191 619 620
C 110.370537694 619 620
C 123.195320398 619 620
C 119.651288747 619 620
C 76.089037761 619 620
C 38.3556825599 619 620
C 75.9520631417 622 623
C 86.7993052333 622 623
C 96.5366770873 622 623
C 110.764355241 622 623
C 124.300313092 622 623
C 118.491238534 622 623
C 70.0053854363 622 623
C 37.2435909292 622 623
C 61.1661045055 638 639
C 70.2177948955 638 639
C 81.7399178435 638 639
C 98.174363914 638 639
C 107.831571207 638 639
C 95.2271753647 638 639
C 57.9317293446 638 639
C 31.7548852887 638 639
C 20.5896667246 642 643
C 28.5636369963 642 643
C 57.0018009641 642 643
C 154.427585332 642 643
C 139.758623387 642 643
C 117.283093393 642 643
C 98.1517369265 642 643
C 79.5260787628 642 643
C 37.8448263461 662 663
C 55.9880122813 662 663
C 80.2971710197 662 663
C 100.664711081 662 663
C 113.064286274 662 663
C 108.233611806 662 663
C 95.4060407098 662 663
C 74.4603105182 662 663
C 36.8624562356 665 666
C 55.8287440236 665 666
C 96.6035042048 665 666
C 141.294973208 665 666
C 155.165356062 665 666
C 127.020649192 665 666
C 55.0710459326 665 666
C 36.001532222 665 666
C 53.7925067893 686 687
C 67.8996729819 686 687
C 84.2290801616 686 687
C 104.076595511 686 687
C 114.707625524 686 687
C 103.875503432 686 687
C 69.0659677685 686 687
