N 145.699330596 2 3
N 83.9601759531 2 3
N 38.4823910267 2 3
N 23.8993557982 2 3
N 40.3603260592 18 19
N 78.2314076635 18 19
N 120.844833734 18 19
N 125.793939284 18 19
N 111.933799461 18 19
N 93.6467757355 18 19
N 81.854482338 18 19
N 70.4717672899 18 19
N 61.9033917934 19 20
N 78.7604718718 19 20
N 97.0061773367 19 20
N 107.971235297 19 20
N 98.2726968712 19 20
N 76.7559500485 19 20
N 53.4011768153 19 20
N 38.1168353856 19 20
N 70.0772677014 36 37
N 84.2972138859 36 37
N 111.586644914 36 37
N 148.113567134 36 37
N 152.076013116 36 37
N 97.5492653552 36 37
N 58.8385372415 36 37
N 43.3234331993 36 37
N 62.7292532336 51 52
N 76.5896392784 51 52
N 100.304211414 51 52
N 134.649455864 51 52
N 166.549152984 51 52
N 55.8525496477 51 52
N 29.5845763104 51 52
N 20.3501758035 51 52
N 77.413458617 72 73
N 91.4824204904 72 73
N 117.625303168 72 73
N 155.014508777 72 73
N 146.269549187 72 73
N 81.0095588062 72 73
N 52.500253457 72 73
N 40.4816966167 72 73
N 63.9313184432 74 75
N 87.6749345903 74 75
N 108.604012791 74 75
N 113.318458254 74 75
N 98.3399525125 74 75
N 72.5138942828 74 75
N 49.394710099 74 75
N 33.5068780764 74 75
N 80.8514630245 80 81
N 95.7733326808 80 81
N 119.732673518 80 81
N 134.476802728 80 81
N 116.497085864 80 81
N 78.8008194227 80 81
N 55.3310937691 80 81
N 42.6841145126 80 81
N 79.572390405 79 80
N 91.7967241832 79 80
N 101.538368404 79 80
N 104.234428737 79 80
N 93.6926851282 79 80
N 72.9364199413 79 80
N 54.6319402708 79 80
N 39.9765082098 79 80
N 68.4360516103 90 91
N 82.5644928608 90 91
N 98.1088270551 90 91
N 107.500420275 90 91
N 102.321900636 90 91
N 82.5730060847 90 91
N 60.6263079914 90 91
N 42.4033220457 90 91
N 40.8161378676 94 95
N 62.8764754615 94 95
N 102.675402179 94 95
N 142.170121499 94 95
N 136.785302478 94 95
N 99.3564718313 94 95
N 74.2222252768 94 95
N 59.5515118249 94 95
N 54.5730842799 113 114
N 68.765187145 113 114
N 98.1539126723 113 114
N 138.459813374 113 114
N 175.111106882 113 114
N 88.8931546757 113 114
N 47.5743484655 113 114
N 35.9123179085 113 114
N 55.3383468783 117 118
N 76.9795339522 117 118
N 110.108590252 117 118
N 135.724216282 117 118
N 150.902566391 117 118
N 28.8149006533 117 118
N 15.8581847784 117 118
N 13.0852128285 117 118
N 72.1795889924 137 138
N 88.2149645036 137 138
N 112.858336452 137 138
N 128.34030745 137 138
N 112.796554064 137 138
N 75.892369452 137 138
N 51.2071356723 137 138
N 38.6094168378 137 138
N 24.4827282865 146 147
N 19.752562464 146 147
N 143.539377992 146 147
N 155.611925966 146 147
N 143.743917344 146 147
N 92.949602263 146 147
N 45.967022621 146 147
N 28.3401990409 146 147
N 76.688853647 160 161
N 93.8484665071 160 161
N 116.567081269 160 161
N 136.000664682 160 161
N 120.379279536 160 161
N 58.759973471 160 161
N 29.7320663937 160 161
N 18.4203142542 160 161
N 25.0841912099 161 162
N 54.1694252071 161 162
N 114.918207437 161 162
N 139.687000998 161 162
N 135.783092167 161 162
N 99.7471493148 161 162
N 59.1735727956 161 162
N 38.0575533199 161 162
N 69.0020259615 178 179
N 81.5024616038 178 179
N 105.08206039 178 179
N 141.503789923 178 179
N 159.196687351 178 179
N 89.4943833329 178 179
N 52.3741707425 178 179
N 39.5384534384 178 179
N 36.6903805177 192 193
N 66.6719842367 192 193
N 110.461324895 192 193
N 122.267889963 192 193
N 103.946284626 192 193
N 71.3712663611 192 193
N 46.2297058235 192 193
N 33.3512973903 192 193
N 33.8462936124 200 201
N 62.1166172513 200 201
N 105.512122665 200 201
N 134.426304953 200 201
N 136.351958119 200 201
N 101.108957615 200 201
N 71.9301674683 200 201
N 57.5285899987 200 201
N 74.9067884928 199 200
N 88.6868029632 199 200
N 108.621506025 199 200
N 127.639069592 199 200
N 113.323338705 199 200
N 66.4237476147 199 200
N 37.4032774428 199 200
N 23.7361343247 199 200
N 74.6589934395 218 219
N 90.4356402219 218 219
N 107.755968893 218 219
N 114.475115865 218 219
N 100.937305459 218 219
N 80.4947435673 218 219
N 65.3387860252 218 219
N 55.0539946168 218 219
N 59.3077219579 222 223
N 82.6529533503 222 223
N 104.022982311 222 223
N 109.505939128 222 223
N 93.9682598253 222 223
N 66.9917560524 222 223
N 43.9436341045 222 223
N 28.7403684825 222 223
N 82.2975266673 228 229
N 97.0585217881 228 229
N 119.673689455 228 229
N 132.546673054 228 229
N 115.888004533 228 229
N 77.2572304681 228 229
N 53.7235942018 228 229
N 42.4446110574 228 229
N 80.0230113356 227 228
N 93.829569042 227 228
N 104.907725781 227 228
N 107.040927227 227 228
N 95.6026508782 227 228
N 75.5965297693 227 228
N 59.3113782943 227 228
N 45.2386997341 227 228
N 74.1286302624 238 239
N 87.6014848469 238 239
N 101.21675607 238 239
N 109.207081121 238 239
N 102.898230122 238 239
N 83.8039817282 238 239
N 62.3208109287 238 239
N 43.972947239 238 239
N 40.7401213311 242 243
N 63.1335178375 242 243
N 106.934915411 242 243
N 145.778532032 242 243
N 139.30988525 242 243
N 99.1197535603 242 243
N 72.7158580106 242 243
N 58.0318238989 242 243
N 7.92081888084 262 263
N 46.498515394 262 263
N 114.508015207 262 263
N 123.46256138 262 263
N 112.321633487 262 263
N 96.8706637383 262 263
N 86.0000061271 262 263
N 73.9788074127 262 263
N 63.9651983861 265 266
N 86.9153365158 265 266
N 115.95046423 265 266
N 135.790571924 265 266
N 139.202362547 265 266
N 42.2919209439 265 266
N 18.5283638956 265 266
N 12.0521799307 265 266
N 57.124132293 286 287
N 83.2493979406 286 287
N 112.337535494 286 287
N 121.051382886 286 287
N 107.866989851 286 287
N 84.9913701172 286 287
N 62.6782610259 286 287
N 46.3806979403 286 287
N 10.7849371748 402 403
N 14.6935231766 402 403
N 23.186837974 402 403
N 54.3908459375 402 403
N 152.480113008 402 403
N 79.3368400612 402 403
N 32.6143694931 402 403
N 20.2437668179 402 403
N 44.7011717594 418 419
N 82.2340998014 418 419
N 123.976353536 418 419
N 126.284420737 418 419
N 112.420218317 418 419
N 96.0969922774 418 419
N 86.0615739749 418 419
N 75.6588881567 418 419
N 64.0876621325 419 420
N 78.8755206156 419 420
N 94.280417316 419 420
N 104.065965621 419 420
N 95.2877229572 419 420
N 75.4052426344 419 420
N 53.6912189929 419 420
N 38.8263995293 419 420
N 71.8063599622 436 437
N 86.7904847683 436 437
N 113.794797693 436 437
N 150.684570892 436 437
N 154.622722528 436 437
N 91.1709636879 436 437
N 55.4224253317 436 437
N 41.9894263151 436 437
N 62.9543391795 451 452
N 75.8989267998 451 452
N 99.6077356946 451 452
N 130.256537807 451 452
N 139.663409783 451 452
N 47.4146340142 451 452
N 25.0822948449 451 452
N 16.5936029818 451 452
N 80.5581646972 471 472
N 94.3276212987 471 472
N 106.413917305 471 472
N 113.60497861 471 472
N 104.253916535 471 472
N 81.1718856615 471 472
N 58.2065543097 471 472
N 39.836643524 471 472
N 64.5264238176 474 475
N 90.8631407134 474 475
N 111.360134898 474 475
N 116.079417306 474 475
N 102.471496223 474 475
N 79.8584729958 474 475
N 57.7261340354 474 475
N 39.9540941453 474 475
N 73.6418270173 480 481
N 88.5639073083 480 481
N 112.791663738 480 481
N 130.041616939 480 481
N 114.554235876 480 481
N 67.3231295874 480 481
N 43.1945411506 480 481
N 33.0531721745 480 481
N 81.4316363786 479 480
N 95.3612522044 479 480
N 107.416781028 479 480
N 111.720422005 479 480
N 100.331639188 479 480
N 77.8838264453 479 480
N 58.6433305136 479 480
N 43.4551914707 479 480
N 65.6132418344 490 491
N 80.3196383458 490 491
N 97.797262312 490 491
N 110.144961612 490 491
N 107.333511626 490 491
N 89.7125842527 490 491
N 68.1440407691 490 491
N 48.2699908875 490 491
N 68.3525584762 496 497
N 89.3550433904 496 497
N 115.549464935 496 497
N 122.849835056 496 497
N 104.48217522 496 497
N 78.5198062794 496 497
N 60.7045618383 496 497
N 48.1812972542 496 497
N 61.5036118889 513 514
N 75.9403151133 513 514
N 104.497625393 513 514
N 145.330461751 513 514
N 160.629515052 513 514
N 79.0619833274 513 514
N 48.6842438823 513 514
N 38.074971376 513 514
N 48.5120241468 517 518
N 70.0009403995 517 518
N 106.687142894 517 518
N 135.469873497 517 518
N 152.692926072 517 518
N 18.4221079141 517 518
N 11.9302824441 517 518
N 9.71777588535 517 518
N 75.0101381413 537 538
N 89.6743111946 537 538
N 112.590477092 537 538
N 129.8128415 537 538
N 114.300921747 537 538
N 71.525075421 537 538
N 48.0224544995 537 538
N 37.2384128357 537 538
N 22.8432466082 546 547
N 7.82428725469 546 547
N 162.462799215 546 547
N 159.895364628 546 547
N 143.709642642 546 547
N 94.8679921995 546 547
N 48.7351275326 546 547
N 29.5744563842 546 547
N 70.2119852991 559 560
N 88.45191865 559 560
N 106.741422354 559 560
N 113.288782868 559 560
N 100.513957295 559 560
N 78.5757056115 559 560
N 56.8741914331 559 560
N 41.6583366524 559 560
N 30.4472901647 561 562
N 58.8153788452 561 562
N 115.150131031 561 562
N 141.12719943 561 562
N 138.69825203 561 562
N 98.0142479223 561 562
N 50.5167521037 561 562
N 30.4343317525 561 562
N 71.6021931163 578 579
N 84.0721470024 578 579
N 107.500196121 578 579
N 143.595289717 578 579
N 154.735217539 578 579
N 89.2510014111 578 579
N 53.3884036956 578 579
N 40.1739559903 578 579
N 32.6412357792 592 593
N 62.948669767 592 593
N 112.610977691 592 593
N 127.254767443 592 593
N 107.188500992 592 593
N 64.6845366329 592 593
N 36.6701798996 592 593
N 26.1831448141 592 593
N 38.1632100787 600 601
N 64.5450029181 600 601
N 104.383810655 600 601
N 133.860326383 600 601
N 139.309293228 600 601
N 105.719898866 600 601
N 73.4350466077 600 601
N 58.2466457956 600 601
N 76.0385752994 599 600
N 92.1290810925 599 600
N 113.364391137 599 600
N 129.383636809 599 600
N 111.855399535 599 600
N 68.9513790187 599 600
N 40.9610632118 599 600
N 26.6433770361 599 600
N 76.7187185421 619 620
N 93.015896248 619 620
N 105.85049924 619 620
N 108.341373786 619 620
N 94.8669929488 619 620
N 72.2736100459 619 620
N 52.501499277 619 620
N 36.5424654481 619 620
N 59.7114149154 622 623
N 83.3278888737 622 623
N 105.531290153 622 623
N 113.595895181 622 623
N 101.413415757 622 623
N 78.2590007505 622 623
N 54.2109593068 622 623
N 35.9509578343 622 623
N 72.536154115 638 639
N 85.8452306063 638 639
N 100.386336495 638 639
N 109.844012847 638 639
N 104.042048155 638 639
N 86.1852149893 638 639
N 65.1297370095 638 639
N 46.3928206098 638 639
N 36.2379315752 642 643
N 55.9709195965 642 643
N 98.091979715 642 643
N 140.826640928 642 643
N 142.689219323 642 643
N 103.21926314 642 643
N 74.4941593637 642 643
N 58.3558374192 642 643
N 6.84200511012 662 663
N 44.6023873184 662 663
N 114.331161716 662 663
N 120.769545405 662 663
N 108.139786372 662 663
N 92.4400107127 662 663
N 81.863110054 662 663
N 71.0250753116 662 663
N 55.5841765099 665 666
N 79.0967168344 665 666
N 112.23590911 665 666
N 136.410113108 665 666
N 141.504685144 665 666
N 39.2419768857 665 666
N 18.0367089039 665 666
N 11.541312326 665 666
N 59.1787245302 686 687
N 85.7818130363 686 687
N 114.717475659 686 687
N 123.044485849 686 687
N 108.304262265 686 687
N 84.2890765706 686 687
N 61.9738803607 686 687
N 46.0785871478 686 687
