C 20.3755220837 10 11
C 28.7390678574 10 11
C 99.459429929 10 11
C 171.788629584 10 11
C 177.74738723 10 11
C 155.161177291 10 11
C 15.3699208653 10 11
C 12.2216251236 10 11
C 52.6937320352 8 9
C 63.597941248 8 9
C 78.9259104102 8 9
C 95.3608587426 8 9
C 107.445744793 8 9
C 105.831847587 8 9
C 94.6396634221 8 9
C 78.85341668 8 9
C 38.6178755756 20 21
C 57.1694112682 20 21
C 82.1149201829 20 21
C 103.71913222 20 21
C 114.756102254 20 21
C 109.128785548 20 21
C 89.6357511285 20 21
C 68.2051482264 20 21
C 22.4557592675 10 11
C 34.5888938191 10 11
C 102.709958626 10 11
C 160.316335039 10 11
C 166.277800097 10 11
C 117.602220348 10 11
C 11.702859196 10 11
C 9.58437527784 10 11
C 53.6545869839 8 9
C 64.2961712796 8 9
C 77.8384720724 8 9
C 93.0347060739 8 9
C 104.504759472 8 9
C 102.731979844 8 9
C 91.5532789484 8 9
C 75.5230790481 8 9
C 39.0907072984 20 21
C 56.2129477149 20 21
C 79.2064283713 20 21
C 99.9635509258 20 21
C 111.289233517 20 21
C 108.851025195 20 21
C 91.9072092708 20 21
C 71.5773590989 20 21
