Ca 41.9922753081 10 11
Ca 58.4962560272 10 11
Ca 102.980963995 10 11
Ca 156.957876609 10 11
Ca 169.578577162 10 11
Ca 104.819364642 10 11
Ca 43.1345588308 10 11
Ca 24.143981856 10 11
Ca 51.1797116892 8 9
Ca 65.9505526932 8 9
Ca 80.391118823 8 9
Ca 90.8780373675 8 9
Ca 95.0607569976 8 9
Ca 93.4163792172 8 9
Ca 85.5935953061 8 9
Ca 73.7912792166 8 9
Ca 45.4059821666 20 21
Ca 67.9488145517 20 21
Ca 88.3480916945 20 21
Ca 96.1663947254 20 21
Ca 94.3723076105 20 21
Ca 89.9747493983 20 21
Ca 79.7158704783 20 21
Ca 67.1924481987 20 21
Ca 40.5341973123 10 11
Ca 57.4626817264 10 11
Ca 102.680845414 10 11
Ca 152.465181199 10 11
Ca 165.230888883 10 11
Ca 100.733449443 10 11
Ca 46.7155866456 10 11
Ca 28.0118304635 10 11
Ca 52.1335347668 8 9
Ca 66.8099936028 8 9
Ca 81.0159854084 8 9
Ca 90.8528231321 8 9
Ca 94.7786985095 8 9
Ca 92.7025787326 8 9
Ca 84.0767956524 8 9
Ca 72.4859392092 8 9
Ca 39.0150591724 20 21
Ca 61.9882791793 20 21
Ca 85.7011874559 20 21
Ca 95.960505334 20 21
Ca 96.0771565933 20 21
Ca 92.7972851689 20 21
Ca 83.7857692685 20 21
Ca 70.7694261328 20 21
