N 44.1628645414 10 11
N 60.2333743091 10 11
N 100.100949711 10 11
N 146.782431691 10 11
N 159.676475781 10 11
N 95.0875773202 10 11
N 17.6979082288 10 11
N 8.79908590943 10 11
N 42.568625749 8 9
N 61.2838864408 8 9
N 84.8432552179 8 9
N 101.563411812 8 9
N 102.900215807 8 9
N 95.8028209815 8 9
N 85.355049214 8 9
N 75.0339283712 8 9
N 23.790308918 20 21
N 59.688552006 20 21
N 113.942041983 20 21
N 119.507072135 20 21
N 106.296728612 20 21
N 88.1319479662 20 21
N 76.4002571376 20 21
N 65.553253238 20 21
N 34.500986945 10 11
N 49.6950760753 10 11
N 99.6444624756 10 11
N 151.053686324 10 11
N 159.601049215 10 11
N 79.0001371743 10 11
N 2.43337008396 10 11
N 2.00442655419 10 11
N 43.2383477524 8 9
N 62.3632860531 8 9
N 86.0208777024 8 9
N 103.075347775 8 9
N 104.633254133 8 9
N 96.8745501577 8 9
N 85.3751050837 8 9
N 73.7969394742 8 9
N 25.9094581847 20 21
N 58.1638690389 20 21
N 114.300024271 20 21
N 123.054658328 20 21
N 109.726702357 20 21
N 91.5845661421 20 21
N 79.4072706135 20 21
N 69.2005241125 20 21
