N 44.6715577416 55 56
N 64.2966738648 55 56
N 90.0340092947 55 56
N 109.007863382 55 56
N 110.107184822 55 56
N 99.6885991657 55 56
N 86.7089193656 55 56
N 76.1831603005 55 56
N 77.1030291853 61 62
N 91.5750668414 61 62
N 115.808577252 61 62
N 140.469004949 61 62
N 160.650499582 61 62
N 57.7426678915 61 62
N 33.6740120344 61 62
N 27.2368785726 61 62
N 14.2040521893 77 78
N 32.4724509633 77 78
N 86.0211746281 77 78
N 110.406245885 77 78
N 97.9932719968 77 78
N 76.3603288632 77 78
N 54.03167749 77 78
N 36.5349992063 77 78
N 67.3509388372 93 94
N 82.0518637353 93 94
N 98.2164211706 93 94
N 108.867737915 93 94
N 105.402904259 93 94
N 90.3115679445 93 94
N 73.2668856285 93 94
N 54.6403879509 93 94
N 40.0192940665 113 114
N 60.5326960809 113 114
N 88.4255825803 113 114
N 108.197600682 113 114
N 108.748822351 113 114
N 96.0685560139 113 114
N 77.9016551609 113 114
N 62.4932530139 113 114
N 18.1714740191 128 129
N 43.6455024891 128 129
N 121.174139666 128 129
N 160.363646945 128 129
N 150.202972829 128 129
N 54.1172598086 128 129
N 26.8684740997 128 129
N 18.3019296016 128 129
N 36.6774290802 136 137
N 55.989029622 136 137
N 93.3592152641 136 137
N 130.230364678 136 137
N 133.544773222 136 137
N 102.560003969 136 137
N 76.2649330169 136 137
N 60.7937722748 136 137
N 27.8153997095 146 147
N 53.6667197781 146 147
N 120.450794174 146 147
N 151.383279411 146 147
N 145.697640898 146 147
N 38.5065214904 146 147
N 20.0666369231 146 147
N 14.8163651264 146 147
N 48.0031742156 181 182
N 70.3136431452 181 182
N 105.83624423 181 182
N 123.743353592 181 182
N 116.860596963 181 182
N 93.4787202792 181 182
N 74.2824183865 181 182
N 61.4359375021 181 182
N 77.6136381773 195 196
N 95.9750926806 195 196
N 110.628206473 195 196
N 113.936051179 195 196
N 101.975949593 195 196
N 82.2353516604 195 196
N 69.2101505253 195 196
N 56.8571320129 195 196
N 7.21350543894 201 202
N 19.4066364884 201 202
N 135.214439416 201 202
N 140.365081748 201 202
N 109.676566611 201 202
N 67.1726403943 201 202
N 41.3090097541 201 202
N 30.1106511035 201 202
N 66.4935224728 216 217
N 82.58548656 216 217
N 105.144568454 216 217
N 123.355693251 216 217
N 107.918080412 216 217
N 63.7054339465 216 217
N 34.7917341827 216 217
N 22.1753148965 216 217
N 31.4903100392 221 222
N 47.3669075719 221 222
N 75.2565911488 221 222
N 98.3152428039 221 222
N 94.1265988174 221 222
N 74.4759116237 221 222
N 48.4076119697 221 222
N 31.8482814309 221 222
N 62.694800995 232 233
N 85.0868310482 232 233
N 107.513332905 232 233
N 126.17924293 232 233
N 128.474415909 232 233
N 102.963178985 232 233
N 66.9385643847 232 233
N 47.5259236366 232 233
N 7.96380446895 250 251
N 15.8861483022 250 251
N 142.443697865 250 251
N 162.543115999 250 251
N 158.107210749 250 251
N 116.128487323 250 251
N 35.7917637585 250 251
N 26.4461601613 250 251
N 71.3671809814 260 261
N 93.0744092312 260 261
N 116.894234089 260 261
N 121.248433948 260 261
N 104.136416841 260 261
N 82.9201543322 260 261
N 70.1919976927 260 261
N 60.7964769192 260 261
N 37.1341058562 272 273
N 52.9285696043 272 273
N 96.7694246179 272 273
N 136.445951454 272 273
N 128.956168965 272 273
N 97.3901190258 272 273
N 61.1699054015 272 273
N 39.9971476512 272 273
N 84.2302524903 283 284
N 98.2496092372 283 284
N 112.309808416 283 284
N 117.72924864 283 284
N 104.292497199 283 284
N 82.4983408904 283 284
N 62.120543378 283 284
N 48.5582173351 283 284
N 46.3337999045 285 286
N 74.5204495645 285 286
N 111.815696856 285 286
N 129.358027974 285 286
N 122.599263733 285 286
N 94.7260891348 285 286
N 59.4958481615 285 286
N 39.2432045157 285 286
N 62.8490061498 294 295
N 84.0895634282 294 295
N 102.25235367 294 295
N 110.995585697 294 295
N 106.615463973 294 295
N 94.1765556246 294 295
N 81.3989733571 294 295
N 68.0276442836 294 295
N 63.9337417465 309 310
N 89.3892298745 309 310
N 123.352848766 309 310
N 130.184706164 309 310
N 114.878493194 309 310
N 94.0036812148 309 310
N 81.118318538 309 310
N 70.2852991267 309 310
N 50.9392934523 321 322
N 76.2753646902 321 322
N 108.484590514 321 322
N 124.835442804 321 322
N 118.834089073 321 322
N 90.5229495629 321 322
N 58.1242902501 321 322
N 41.2432039116 321 322
N 62.5819741499 336 337
N 85.3968539623 336 337
N 110.327265018 336 337
N 116.283027134 336 337
N 101.913632378 336 337
N 80.3694580032 336 337
N 63.6939355672 336 337
N 49.5415747185 336 337
N 49.2374359699 349 350
N 78.3858110356 349 350
N 118.761518681 349 350
N 147.763574832 349 350
N 144.663666469 349 350
N 86.9242887153 349 350
N 53.1509151165 349 350
N 42.9052081759 349 350
N 21.0796486485 358 359
N 41.0308654873 358 359
N 106.080280952 358 359
N 162.580460777 358 359
N 146.916892556 358 359
N 108.722582365 358 359
N 81.4344573985 358 359
N 64.9881496522 358 359
N 2.00347965257 366 367
N 26.0562121052 366 367
N 110.080454165 366 367
N 124.34832297 366 367
N 113.740564097 366 367
N 94.7519107246 366 367
N 80.0912784235 366 367
N 67.003764408 366 367
N 46.8890425747 55 56
N 66.8493145666 55 56
N 92.3334543394 55 56
N 110.773717835 55 56
N 111.937702817 55 56
N 101.455788188 55 56
N 87.9728389555 55 56
N 77.1421661982 55 56
N 77.4443497688 61 62
N 91.6648981408 61 62
N 116.240124647 61 62
N 146.601465261 61 62
N 156.269147862 61 62
N 59.2109199579 61 62
N 39.0341140719 61 62
N 31.8155788143 61 62
N 15.2364102387 77 78
N 34.7841354287 77 78
N 84.8517863874 77 78
N 111.856152117 77 78
N 99.4928289364 77 78
N 74.2736342899 77 78
N 48.2886600444 77 78
N 30.9618495314 77 78
N 67.1843863511 93 94
N 81.7207978758 93 94
N 97.9129144552 93 94
N 108.236961845 93 94
N 104.314987596 93 94
N 88.7288177454 93 94
N 70.4844276877 93 94
N 51.5936416913 93 94
N 39.1141739219 113 114
N 59.0596108477 113 114
N 88.4010378933 113 114
N 110.08351476 113 114
N 111.12499739 113 114
N 96.8869416679 113 114
N 76.5190538889 113 114
N 59.9839952332 113 114
N 20.3089684564 128 129
N 45.4393922611 128 129
N 117.616790234 128 129
N 159.089125807 128 129
N 151.450731949 128 129
N 46.7818863606 128 129
N 23.8080492579 128 129
N 16.3945864641 128 129
N 35.5079617319 136 137
N 54.8994734735 136 137
N 93.7993741035 136 137
N 132.296886994 136 137
N 134.842640967 136 137
N 103.929127603 136 137
N 77.8684746863 136 137
N 61.9528929122 136 137
N 89.5563971059 144 145
N 102.336904741 144 145
N 112.712918821 144 145
N 116.039384484 144 145
N 103.869031976 144 145
N 81.0993740625 144 145
N 63.2263712134 144 145
N 47.4913245547 144 145
N 42.8674747247 181 182
N 65.761945056 181 182
N 106.035268834 181 182
N 124.638627106 181 182
N 118.180492849 181 182
N 95.5742440015 181 182
N 76.7185286465 181 182
N 63.5096146952 181 182
N 75.4010957324 194 195
N 94.0036211829 194 195
N 113.4154779 194 195
N 116.398422162 194 195
N 100.366286051 194 195
N 78.7908387147 194 195
N 65.2567705827 194 195
N 54.4569488931 194 195
N 18.4865244624 201 202
N 39.133655012 201 202
N 113.044620183 201 202
N 132.653620641 201 202
N 106.587382506 201 202
N 65.4996870013 201 202
N 41.1773008984 201 202
N 30.3038484035 201 202
N 66.5051909376 216 217
N 81.9431867263 216 217
N 102.763332698 216 217
N 119.430202099 216 217
N 105.048854274 216 217
N 62.0222185665 216 217
N 33.2086462682 216 217
N 20.8863267941 216 217
N 23.5886951791 221 222
N 37.1255638075 221 222
N 69.6741808832 221 222
N 102.345731885 221 222
N 100.3336723 221 222
N 80.1129839138 221 222
N 51.6821616332 221 222
N 33.056246611 221 222
N 59.0918600438 232 233
N 83.1872297012 232 233
N 107.431939057 232 233
N 126.925893124 232 233
N 128.560045447 232 233
N 99.0861308778 232 233
N 61.9994767022 232 233
N 43.7730201522 232 233
N 8.3860001734 250 251
N 17.0685826413 250 251
N 140.138104709 250 251
N 160.911880478 250 251
N 155.590803064 250 251
N 114.209886598 250 251
N 39.2254302569 250 251
N 28.2233508815 250 251
N 72.329759829 260 261
N 93.5808871828 260 261
N 117.631560671 260 261
N 122.756330849 260 261
N 105.341572859 260 261
N 83.5214376027 260 261
N 70.6946466519 260 261
N 61.2253000802 260 261
N 40.4577807555 272 273
N 58.128174831 272 273
N 104.288466808 272 273
N 143.571536748 272 273
N 130.078778151 272 273
N 97.8966258875 272 273
N 63.3039514471 272 273
N 42.1570402781 272 273
N 85.9149135463 283 284
N 98.9201451373 283 284
N 112.757288164 283 284
N 118.577221594 283 284
N 104.991907432 283 284
N 82.3162203867 283 284
N 61.4055318808 283 284
N 47.7398920795 283 284
N 45.6235513731 285 286
N 75.2010708997 285 286
N 113.99229486 285 286
N 131.350249971 285 286
N 123.82923805 285 286
N 95.1543589302 285 286
N 59.5608351693 285 286
N 39.6224576174 285 286
N 61.6536576402 294 295
N 83.117471027 294 295
N 101.082183617 294 295
N 109.132844635 294 295
N 104.339821018 294 295
N 91.5449373918 294 295
N 77.2721653398 294 295
N 63.0888473695 294 295
N 65.025368621 309 310
N 90.2020906398 309 310
N 124.068047433 309 310
N 133.490496249 309 310
N 119.545446002 309 310
N 98.1233207069 309 310
N 84.8113043247 309 310
N 74.0324429473 309 310
N 48.5655261985 321 322
N 74.817405836 321 322
N 108.698140511 321 322
N 124.869932865 321 322
N 118.879336676 321 322
N 91.9636075178 321 322
N 60.0161074891 321 322
N 42.2681537959 321 322
N 40.6586578388 333 334
N 63.900464275 333 334
N 91.1470415965 333 334
N 107.522950542 333 334
N 104.166549923 333 334
N 89.9980562179 333 334
N 68.0453732159 333 334
N 47.7928079493 333 334
N 51.127118692 349 350
N 80.213995653 349 350
N 121.709982064 349 350
N 155.347215076 349 350
N 154.679501241 349 350
N 87.361802909 349 350
N 50.7741132852 349 350
N 40.7249538903 349 350
N 20.2690350294 358 359
N 40.4121523761 358 359
N 106.549020521 358 359
N 160.32537442 358 359
N 146.517119422 358 359
N 109.992276301 358 359
N 83.9572575041 358 359
N 67.2662820638 358 359
N 9.98445706831 366 367
N 33.4527458557 366 367
N 117.581871292 366 367
N 125.859672389 366 367
N 114.027919466 366 367
N 94.2062292826 366 367
N 73.4992522153 366 367
N 56.6558307506 366 367
N 2.79545921495 917 918
N 3.14781528965 917 918
N 3.6290113253 917 918
N 4.39146863505 917 918
N 5.54657503865 917 918
N 7.62242492885 917 918
N 13.2817636929 917 918
N 45.5322830798 917 918
N 52.8657502985 939 940
N 80.7094969777 939 940
N 113.435113112 939 940
N 130.903236326 939 940
N 124.96921287 939 940
N 91.1464310047 939 940
N 51.495685605 939 940
N 34.3466776847 939 940
N 70.3901474568 942 943
N 90.232546798 942 943
N 113.089618109 942 943
N 121.166768857 942 943
N 103.550797847 942 943
N 76.095732575 942 943
N 55.8671714061 942 943
N 41.1196791133 942 943
N 46.331374428 972 973
N 73.7000744617 972 973
N 113.52165627 972 973
N 142.56799044 972 973
N 152.882455412 972 973
N 110.558163514 972 973
N 52.451176742 972 973
N 37.1103312744 972 973
N 18.3048206591 973 974
N 28.2294372529 973 974
N 72.6452278658 973 974
N 118.217722952 973 974
N 105.821604623 973 974
N 74.4869483267 973 974
N 46.2209684993 973 974
N 30.3828137431 973 974
N 72.3956294258 986 987
N 90.8074733445 986 987
N 111.062523869 986 987
N 116.444939082 986 987
N 102.136726259 986 987
N 79.295828777 986 987
N 63.0500811157 986 987
N 50.2281611979 986 987
N 74.0997685981 985 986
N 87.8628113508 985 986
N 104.024221103 985 986
N 110.690294503 985 986
N 99.1033664688 985 986
N 77.7384722656 985 986
N 62.5614761074 985 986
N 51.2786225612 985 986
N 56.3286578508 1006 1007
N 79.3946609607 1006 1007
N 103.683058374 1006 1007
N 117.451854389 1006 1007
N 113.504198402 1006 1007
N 96.5769700961 1006 1007
N 73.1658667754 1006 1007
N 54.2223739446 1006 1007
N 51.9402010173 1011 1012
N 76.855646448 1011 1012
N 106.43846934 1011 1012
N 121.544271148 1011 1012
N 116.494745084 1011 1012
N 86.1478019507 1011 1012
N 48.3025569151 1011 1012
N 29.4681481948 1011 1012
N 68.6091978782 1045 1046
N 87.3915942188 1045 1046
N 110.275340203 1045 1046
N 117.227062899 1045 1046
N 101.84742008 1045 1046
N 79.3658070973 1045 1046
