C 61.8235274197 55 56
C 76.6499068593 55 56
C 95.2201171515 55 56
C 107.978708632 55 56
C 110.31249263 55 56
C 100.007624673 55 56
C 82.7428304413 55 56
C 65.9383354689 55 56
C 37.457239697 61 62
C 54.1302186466 61 62
C 96.4126432439 61 62
C 145.915664256 61 62
C 163.344866014 61 62
C 118.389087884 61 62
C 71.2064112766 61 62
C 50.3811853788 61 62
C 54.2051890208 77 78
C 74.5939533309 77 78
C 96.5768225966 77 78
C 118.146545655 77 78
C 138.740952194 77 78
C 146.496843497 77 78
C 25.8450672486 77 78
C 14.3162345245 77 78
C 59.9653585551 93 94
C 68.7306538981 93 94
C 79.9892774569 93 94
C 95.9126267708 93 94
C 103.797933444 93 94
C 89.8000964137 93 94
C 60.9023555956 93 94
C 37.6092326865 93 94
C 60.0830646452 113 114
C 74.6594271798 113 114
C 92.3222617721 113 114
C 108.483486358 113 114
C 112.830175429 113 114
C 101.420087964 113 114
C 73.4456404744 113 114
C 48.3492082535 113 114
C 30.3760552171 128 129
C 46.5183466118 128 129
C 87.2299711075 128 129
C 143.343718173 128 129
C 165.774367903 128 129
C 121.962978189 128 129
C 15.5473984883 128 129
C 7.4725634262 128 129
C 25.4437636382 136 137
C 35.8671012622 136 137
C 74.8827295346 136 137
C 147.969707258 136 137
C 137.981550336 136 137
C 113.310432025 136 137
C 94.282217951 136 137
C 77.833714827 136 137
C 43.5482817203 146 147
C 63.1074916906 146 147
C 98.0886977244 146 147
C 133.200065902 146 147
C 150.098139706 146 147
C 98.3154472543 146 147
C 20.9805056388 146 147
C 15.4166805631 146 147
C 50.264776299 181 182
C 71.8386914688 181 182
C 98.9680680866 181 182
C 117.12012263 181 182
C 121.134610287 181 182
C 108.876379463 181 182
C 85.5446285439 181 182
C 65.6994174613 181 182
C 70.6592916607 195 196
C 81.3276535883 195 196
C 91.7344336538 195 196
C 100.63520066 195 196
C 105.107426935 195 196
C 96.176100039 195 196
C 75.5931144278 195 196
C 53.55058496 195 196
C 35.0018452325 201 202
C 54.9281319034 201 202
C 90.5082283293 201 202
C 122.073807429 201 202
C 136.025406178 201 202
C 108.915186819 201 202
C 49.7202229089 201 202
C 32.5070217722 201 202
C 46.3245347011 216 217
C 61.8393022043 216 217
C 91.3219836787 216 217
C 135.570744311 216 217
C 157.298726671 216 217
C 81.2740526589 216 217
C 25.6000323325 216 217
C 15.878863782 216 217
C 59.2913581817 221 222
C 77.8746872221 221 222
C 100.226616616 221 222
C 120.332149606 221 222
C 137.94350629 221 222
C 131.318956437 221 222
C 21.2901034024 221 222
C 16.0788106275 221 222
C 33.6652361089 232 233
C 41.9353398595 232 233
C 78.9903778513 232 233
C 148.486586359 232 233
C 136.982717852 232 233
C 107.760327674 232 233
C 70.1399800359 232 233
C 48.9928801721 232 233
C 14.8753029778 250 251
C 30.6251557201 250 251
C 81.5762018485 250 251
C 126.811841966 250 251
C 127.117676526 250 251
C 110.012800968 250 251
C 86.1902124901 250 251
C 70.0702282509 250 251
C 55.7933885335 260 261
C 68.386221243 260 261
C 82.122265577 260 261
C 97.8909851153 260 261
C 107.139410684 260 261
C 104.894550839 260 261
C 96.75326826 260 261
C 86.9023781611 260 261
C 9.98450167322 272 273
C 19.3834982337 272 273
C 71.0198879293 272 273
C 150.093352761 272 273
C 167.938587032 272 273
C 124.291509415 272 273
C 57.5326132674 272 273
C 39.0869306328 272 273
C 72.1397981289 283 284
C 82.6296495637 283 284
C 92.3516794643 283 284
C 101.137598718 283 284
C 103.218227364 283 284
C 90.5812275789 283 284
C 70.4854946345 283 284
C 55.2379694389 283 284
C 23.2257546129 285 286
C 31.4619966902 285 286
C 73.5228638077 285 286
C 141.79747973 285 286
C 159.244700397 285 286
C 130.620133956 285 286
C 40.1854328383 285 286
C 24.5840277662 285 286
C 65.2059480197 294 295
C 78.7181971367 294 295
C 90.5430787688 294 295
C 97.3049651225 294 295
C 100.367810585 294 295
C 90.6970709632 294 295
C 72.3216995472 294 295
C 53.3745715108 294 295
C 59.7556225748 309 310
C 80.9265117832 309 310
C 98.6913597232 309 310
C 108.068750238 309 310
C 110.034093632 309 310
C 100.186593694 309 310
C 81.584310488 309 310
C 64.393460392 309 310
C 22.9273509144 321 322
C 32.7070540608 321 322
C 78.3884796041 321 322
C 145.216245549 321 322
C 148.152679469 321 322
C 103.029012318 321 322
C 49.0505258602 321 322
C 31.6379032946 321 322
C 65.3872236816 336 337
C 77.5481313228 336 337
C 88.0208140594 336 337
C 101.924599697 336 337
C 111.259325792 336 337
C 106.877092164 336 337
C 87.8391930473 336 337
C 67.996554058 336 337
C 16.2328839829 349 350
C 32.8565700386 349 350
C 80.4612034399 349 350
C 136.960700925 349 350
C 141.635671792 349 350
C 114.564508169 349 350
C 88.4748819239 349 350
C 71.689717201 349 350
C 11.1099178723 358 359
C 16.6590272936 358 359
C 37.5795969768 358 359
C 138.101496264 358 359
C 132.417437516 358 359
C 112.667740652 358 359
C 98.0156045332 358 359
C 85.1173836306 358 359
C 29.7125243249 366 367
C 46.3732977748 366 367
C 75.5320263624 366 367
C 101.269201386 366 367
C 112.712157451 366 367
C 107.948989282 366 367
C 90.0509571479 366 367
C 68.9829157608 366 367
C 60.371657024 55 56
C 74.9783234412 55 56
C 94.3735304556 55 56
C 108.31131957 55 56
C 112.019533756 55 56
C 103.088500698 55 56
C 87.1618481353 55 56
C 70.7834036371 55 56
C 41.3512948667 61 62
C 56.2082605446 61 62
C 91.0995055441 61 62
C 143.616965323 61 62
C 157.406216927 61 62
C 113.663182695 61 62
C 78.1037009459 61 62
C 60.2309638703 61 62
C 54.9520615779 77 78
C 75.9341767985 77 78
C 98.4311924473 77 78
C 121.093341371 77 78
C 144.772857962 77 78
C 160.783498555 77 78
C 36.1106702755 77 78
C 22.8141552652 77 78
C 58.7375662334 93 94
C 67.6668880565 93 94
C 79.2969437269 93 94
C 95.7125520628 93 94
C 103.123329083 93 94
C 87.9243608457 93 94
C 59.1924739634 93 94
C 37.0739116878 93 94
C 55.4676194702 113 114
C 70.2105531727 113 114
C 90.553690901 113 114
C 109.6089818 113 114
C 115.23646794 113 114
C 104.138378621 113 114
C 74.5679492841 113 114
C 47.9621086912 113 114
C 31.6433524136 128 129
C 47.6996849582 128 129
C 85.9096033278 128 129
C 140.984753505 128 129
C 169.708748938 128 129
C 127.960107347 128 129
C 14.9752120883 128 129
C 5.93697525101 128 129
C 22.8791205859 136 137
C 32.1354760115 136 137
C 68.5146958277 136 137
C 142.429764132 136 137
C 135.011106876 136 137
C 111.105716686 136 137
C 91.3839459536 136 137
C 74.4176928847 136 137
C 75.0726087568 144 145
C 84.4906529004 144 145
C 92.598493047 144 145
C 101.443037625 144 145
C 106.867340096 144 145
C 99.0888102835 144 145
C 72.9537765299 144 145
C 46.2799246682 144 145
C 51.0974458175 181 182
C 70.9856389719 181 182
C 96.4316429236 181 182
C 114.27670241 181 182
C 118.484584946 181 182
C 106.855926103 181 182
C 84.6102923995 181 182
C 65.4402980644 181 182
C 57.4697471147 194 195
C 69.465325527 194 195
C 83.9135315011 194 195
C 98.7578432673 194 195
C 110.274798002 194 195
C 108.059395898 194 195
C 90.2620497917 194 195
C 76.1566144315 194 195
C 38.6697826436 201 202
C 58.7090532508 201 202
C 95.0168587755 201 202
C 124.28324201 201 202
C 137.800375943 201 202
C 108.70137242 201 202
C 46.5882554187 201 202
C 30.7306940728 201 202
C 48.2560704243 216 217
C 64.1205789776 216 217
C 93.7091236034 216 217
C 137.221178003 216 217
C 162.250012745 216 217
C 75.4390132436 216 217
C 23.7518737239 216 217
C 15.1751620978 216 217
C 54.7859419044 221 222
C 72.2516096965 221 222
C 94.601326355 221 222
C 115.801769796 221 222
C 133.819780921 221 222
C 126.9274554 221 222
C 12.5997819545 221 222
C 12.9203694922 221 222
C 33.0675384608 232 233
C 42.9896432172 232 233
C 81.1964878054 232 233
C 162.050254374 232 233
C 140.848266889 232 233
C 105.867291521 232 233
C 68.7849983162 232 233
C 48.5182662769 232 233
C 16.2092254809 250 251
C 32.3562596488 250 251
C 80.9674980523 250 251
C 124.392556645 250 251
C 125.377694505 250 251
C 109.174557222 250 251
C 86.4069925765 250 251
C 70.9915593011 250 251
C 54.940937234 260 261
C 67.7215479255 260 261
C 81.9944042377 260 261
C 97.7166877198 260 261
C 107.878002369 260 261
C 106.105898382 260 261
C 97.987247475 260 261
C 88.1213361402 260 261
C 8.28117768498 272 273
C 16.4842907716 272 273
C 59.367100362 272 273
C 140.458383055 272 273
C 160.793165294 272 273
C 134.088350094 272 273
C 52.0621527392 272 273
C 33.4471989704 272 273
C 72.1155139048 283 284
C 82.3291898669 283 284
C 92.0478862201 283 284
C 100.830815716 283 284
C 103.139715122 283 284
C 90.2581864598 283 284
C 69.9915874726 283 284
C 54.8707324483 283 284
C 21.2617797309 285 286
C 28.4536790786 285 286
C 68.1198942556 285 286
C 139.669102702 285 286
C 156.508319101 285 286
C 126.200313406 285 286
C 39.1238756776 285 286
C 23.5709381223 285 286
C 69.3389547427 294 295
C 82.2200992102 294 295
C 93.0271980186 294 295
C 99.518959779 294 295
C 102.795625404 294 295
C 92.6936151226 294 295
C 72.4658887581 294 295
C 51.4237220146 294 295
C 53.07777227 309 310
C 76.7550929264 309 310
C 98.1620333747 309 310
C 109.016869282 309 310
C 111.992021159 309 310
C 103.149272176 309 310
C 86.4909318626 309 310
C 70.2272885567 309 310
C 23.4641427407 321 322
C 32.7273439648 321 322
C 75.8552325265 321 322
C 142.139403238 321 322
C 148.108105632 321 322
C 106.957777263 321 322
C 46.2931862532 321 322
C 28.2105805159 321 322
C 42.8921920426 333 334
C 57.6945254512 333 334
C 81.59954189 333 334
C 109.130003859 333 334
C 121.569992395 333 334
C 109.577776452 333 334
C 52.0820878837 333 334
C 20.4406133305 333 334
C 19.6534149515 349 350
C 38.7121848393 349 350
C 86.6355420985 349 350
C 142.737656992 349 350
C 148.24751828 349 350
C 116.523690608 349 350
C 89.2042657624 349 350
C 72.9164580879 349 350
C 8.20839174677 358 359
C 12.1823198529 358 359
C 30.0949562151 358 359
C 129.289492048 358 359
C 128.247588218 358 359
C 110.972392793 358 359
C 97.4924139428 358 359
C 84.6667435047 358 359
C 32.6318528613 366 367
C 50.9607687811 366 367
C 79.2876270035 366 367
C 101.849718172 366 367
C 109.93341026 366 367
C 95.7107066089 366 367
C 68.2515578152 366 367
C 47.3649305362 366 367
C 5.75335647514 917 918
C 7.23317540047 917 918
C 9.63788581742 917 918
C 14.5559342572 917 918
C 31.0098415845 917 918
C 116.810167321 917 918
C 94.4109338901 917 918
C 79.5551660477 917 918
C 26.4825158998 939 940
C 35.0969584884 939 940
C 104.117812852 939 940
C 168.333007756 939 940
C 163.899398428 939 940
C 118.989524302 939 940
C 64.8897020014 939 940
C 43.6696368976 939 940
C 61.9693519093 942 943
C 75.2591841846 942 943
C 88.5697520607 942 943
C 106.147464616 942 943
C 117.409023736 942 943
C 109.329117059 942 943
C 85.2692953553 942 943
C 65.1799970607 942 943
C 14.3054460605 972 973
C 16.4894611343 972 973
C 91.9587062644 972 973
C 149.729573138 972 973
C 136.909844757 972 973
C 107.33147013 972 973
C 74.0423525524 972 973
C 52.073231462 972 973
C 41.6209970622 973 974
C 59.4121380906 973 974
C 88.9455290824 973 974
C 121.568372798 973 974
C 143.029077922 973 974
C 132.254339933 973 974
C 19.4819744072 973 974
C 3.8197452744 973 974
C 58.1215146478 986 987
C 69.8649167732 986 987
C 82.6318166808 986 987
C 98.8601224366 986 987
C 109.764424903 986 987
C 105.491843471 986 987
C 87.2373014393 986 987
C 69.7844556432 986 987
C 57.0369050355 985 986
C 68.1507533696 985 986
C 82.645195208 985 986
C 101.620180681 985 986
C 114.588027566 985 986
C 110.199291526 985 986
C 92.2256120034 985 986
C 76.8178120107 985 986
C 48.3593612958 1006 1007
C 66.947384591 1006 1007
C 88.2095647868 1006 1007
C 102.880123396 1006 1007
C 104.857909906 1006 1007
C 88.887517071 1006 1007
C 62.5118451734 1006 1007
C 44.7739464629 1006 1007
C 26.8981851531 1011 1012
C 39.6557153199 1011 1012
C 87.3405339083 1011 1012
C 149.526867133 1011 1012
C 168.121965476 1011 1012
C 165.199045574 1011 1012
C 30.1028116619 1011 1012
C 19.607989002 1011 1012
C 55.1440304027 1045 1046
C 67.0542525565 1045 1046
C 80.6449402358 1045 1046
C 95.1695251758 1045 1046
