Ca 38.0339868703 55 56
Ca 50.7624955187 55 56
Ca 65.8385121485 55 56
Ca 80.2303089455 55 56
Ca 87.2371877047 55 56
Ca 85.1604402926 55 56
Ca 77.6276378912 55 56
Ca 67.8198684653 55 56
Ca 71.1847251062 61 62
Ca 87.9929104283 61 62
Ca 114.249924464 61 62
Ca 151.32686814 61 62
Ca 158.113283231 61 62
Ca 108.480884311 61 62
Ca 74.6125021321 61 62
Ca 56.2516310092 61 62
Ca 46.7002686201 77 78
Ca 69.0829042586 77 78
Ca 91.6476553706 77 78
Ca 99.0321971697 77 78
Ca 97.0775221294 77 78
Ca 86.0351752168 77 78
Ca 57.3661181375 77 78
Ca 34.4459582762 77 78
Ca 68.5293833712 93 94
Ca 79.1378112345 93 94
Ca 89.5163413967 93 94
Ca 95.3874765787 93 94
Ca 95.7462138385 93 94
Ca 89.4250710855 93 94
Ca 72.0710544447 93 94
Ca 55.4371551561 93 94
Ca 39.7431271267 113 114
Ca 53.8151961888 113 114
Ca 69.7141710667 113 114
Ca 81.494625748 113 114
Ca 87.2888388571 113 114
Ca 82.6088864078 113 114
Ca 69.7666137954 113 114
Ca 54.0903048294 113 114
Ca 54.8490448458 128 129
Ca 76.4767100113 128 129
Ca 114.715718402 128 129
Ca 157.827783208 128 129
Ca 158.073607004 128 129
Ca 109.006727139 128 129
Ca 69.794648096 128 129
Ca 47.5080716309 128 129
Ca 46.9547031927 136 137
Ca 66.9267205184 136 137
Ca 98.8403826812 136 137
Ca 131.141491233 136 137
Ca 125.94228493 136 137
Ca 106.297650677 136 137
Ca 85.0777808523 136 137
Ca 69.968487038 136 137
Ca 57.9634153338 146 147
Ca 78.7066164602 146 147
Ca 110.75637735 146 147
Ca 136.233910353 146 147
Ca 135.942344541 146 147
Ca 94.923214822 146 147
Ca 53.6065062822 146 147
Ca 33.0897830636 146 147
Ca 33.2021481391 181 182
Ca 49.2074455756 181 182
Ca 71.5971601084 181 182
Ca 90.1938623304 181 182
Ca 91.118263852 181 182
Ca 80.4414949478 181 182
Ca 66.552649744 181 182
Ca 53.4911217502 181 182
Ca 78.4153675684 195 196
Ca 90.8644781352 195 196
Ca 99.0535917328 195 196
Ca 101.729948542 195 196
Ca 97.4337444718 195 196
Ca 91.7969565846 195 196
Ca 79.0418762541 195 196
Ca 65.2071405683 195 196
Ca 44.7879247561 201 202
Ca 70.1848060998 201 202
Ca 103.072024136 201 202
Ca 118.709013712 201 202
Ca 110.884129031 201 202
Ca 91.4212291248 201 202
Ca 66.7528943242 201 202
Ca 50.657682916 201 202
Ca 65.0123568341 216 217
Ca 79.1119655555 216 217
Ca 102.935072539 216 217
Ca 122.132996436 216 217
Ca 120.114394041 216 217
Ca 89.087600981 216 217
Ca 54.4984306586 216 217
Ca 36.0969738811 216 217
Ca 53.3121127567 221 222
Ca 70.2713679584 221 222
Ca 88.9129991257 221 222
Ca 98.6573434767 221 222
Ca 98.1105265176 221 222
Ca 82.5836648622 221 222
Ca 51.828154115 221 222
Ca 34.6938787576 221 222
Ca 61.898481453 232 233
Ca 80.6354090482 232 233
Ca 104.839357841 232 233
Ca 127.965223447 232 233
Ca 127.071091368 232 233
Ca 101.751646272 232 233
Ca 74.3603776782 232 233
Ca 55.7051067772 232 233
Ca 25.436251298 250 251
Ca 45.9926664868 250 251
Ca 103.471167021 250 251
Ca 144.323921323 250 251
Ca 143.554616951 250 251
Ca 110.485503031 250 251
Ca 80.9462240506 250 251
Ca 62.5597254784 250 251
Ca 75.7984094481 260 261
Ca 93.0786167689 260 261
Ca 103.934045064 260 261
Ca 106.726171639 260 261
Ca 104.897306863 260 261
Ca 100.828714493 260 261
Ca 92.6540644828 260 261
Ca 84.03132327 260 261
Ca 36.0333825569 272 273
Ca 52.257055196 272 273
Ca 91.0559966815 272 273
Ca 122.021982355 272 273
Ca 123.498537797 272 273
Ca 105.153886402 272 273
Ca 72.2739875838 272 273
Ca 52.7051874638 272 273
Ca 80.4269457764 283 284
Ca 92.4561764994 283 284
Ca 101.612074976 283 284
Ca 104.829605025 283 284
Ca 102.653864342 283 284
Ca 92.7923449462 283 284
Ca 77.8971901426 283 284
Ca 63.5930715458 283 284
Ca 48.5383135664 285 286
Ca 67.1910370939 285 286
Ca 94.5332919064 285 286
Ca 116.542424504 285 286
Ca 120.110003991 285 286
Ca 100.297157358 285 286
Ca 66.8255214463 285 286
Ca 47.7961417289 285 286
Ca 65.0228625118 294 295
Ca 80.4268584212 294 295
Ca 91.3760917434 294 295
Ca 96.3179586627 294 295
Ca 95.3782670549 294 295
Ca 92.9555239851 294 295
Ca 83.1232320441 294 295
Ca 67.2358698075 294 295
Ca 41.3049136322 309 310
Ca 57.8902081569 309 310
Ca 74.5329510002 309 310
Ca 85.1608284864 309 310
Ca 85.6943915483 309 310
Ca 82.4857346823 309 310
Ca 74.2401788827 309 310
Ca 62.9528321543 309 310
Ca 49.6058444639 321 322
Ca 69.0425010873 321 322
Ca 97.7891467191 321 322
Ca 119.823809515 321 322
Ca 124.253878522 321 322
Ca 98.2805338115 321 322
Ca 67.6384570427 321 322
Ca 50.0821551089 321 322
Ca 71.4049121574 336 337
Ca 87.2838705048 336 337
Ca 97.2521887222 336 337
Ca 98.8011170719 336 337
Ca 97.2670137059 336 337
Ca 92.5859756744 336 337
Ca 80.8397478842 336 337
Ca 64.895477768 336 337
Ca 52.7036132865 349 350
Ca 74.3518086966 349 350
Ca 109.645101099 349 350
Ca 142.906415193 349 350
Ca 149.784720155 349 350
Ca 122.045416365 349 350
Ca 91.5093678096 349 350
Ca 72.079520637 349 350
Ca 30.5533503096 358 359
Ca 52.5120156656 358 359
Ca 95.168459969 358 359
Ca 130.642682392 358 359
Ca 123.993537103 358 359
Ca 107.046019063 358 359
Ca 87.5311550939 358 359
Ca 74.9011372645 358 359
Ca 31.8190529748 366 367
Ca 53.450592226 366 367
Ca 82.2558139644 366 367
Ca 97.9592495228 366 367
Ca 97.8855685265 366 367
Ca 92.8554922581 366 367
Ca 81.2687755862 366 367
Ca 66.1206761851 366 367
Ca 37.8269838659 55 56
Ca 50.7187735901 55 56
Ca 66.0875011792 55 56
Ca 80.5981408933 55 56
Ca 87.5910876453 55 56
Ca 85.7081396644 55 56
Ca 78.4473077882 55 56
Ca 68.5825237811 55 56
Ca 74.7693659324 61 62
Ca 91.1070272338 61 62
Ca 116.509527141 61 62
Ca 153.592831371 61 62
Ca 151.620276963 61 62
Ca 109.890802532 61 62
Ca 81.5928491114 61 62
Ca 64.3466044927 61 62
Ca 48.423724069 77 78
Ca 70.1823573108 77 78
Ca 92.4052975995 77 78
Ca 99.7879824656 77 78
Ca 97.7813638845 77 78
Ca 84.5754108577 77 78
Ca 53.1424542302 77 78
Ca 33.3163659283 77 78
Ca 68.5333734856 93 94
Ca 79.4070640131 93 94
Ca 89.9419123056 93 94
Ca 95.6801505152 93 94
Ca 96.0348384971 93 94
Ca 89.257229751 93 94
Ca 70.8589613798 93 94
Ca 53.5584039207 93 94
Ca 35.975566197 113 114
Ca 50.164773253 113 114
Ca 68.1770219392 113 114
Ca 82.423405109 113 114
Ca 88.1858120942 113 114
Ca 82.1597654843 113 114
Ca 67.7837439591 113 114
Ca 51.3700664341 113 114
Ca 58.0474233832 128 129
Ca 79.4918085268 128 129
Ca 116.231519699 128 129
Ca 158.036343711 128 129
Ca 156.420554083 128 129
Ca 106.621130027 128 129
Ca 67.7181336925 128 129
Ca 45.6160489831 128 129
Ca 45.1944710329 136 137
Ca 64.9887671187 136 137
Ca 97.3427979701 136 137
Ca 130.47578546 136 137
Ca 125.917242004 136 137
Ca 106.718105657 136 137
Ca 85.3884946905 136 137
Ca 70.0515432422 136 137
Ca 82.3151407158 144 145
Ca 92.5490153197 144 145
Ca 99.5029690925 144 145
Ca 100.62354773 144 145
Ca 96.3444598989 144 145
Ca 89.5644398739 144 145
Ca 74.4174000509 144 145
Ca 57.4492899516 144 145
Ca 29.9846900926 181 182
Ca 45.6856683521 181 182
Ca 69.4368503055 181 182
Ca 90.6575966733 181 182
Ca 92.2817531232 181 182
Ca 81.954394659 181 182
Ca 68.3359353431 181 182
Ca 55.5258128108 181 182
Ca 78.0677138789 194 195
Ca 93.6520573369 194 195
Ca 104.314103484 194 195
Ca 108.817372295 194 195
Ca 105.627202869 194 195
Ca 101.625014397 194 195
Ca 91.9946631011 194 195
Ca 78.1664796436 194 195
Ca 47.5120798477 201 202
Ca 69.872060675 201 202
Ca 98.815656132 201 202
Ca 115.611210834 201 202
Ca 107.005323704 201 202
Ca 87.9432867722 201 202
Ca 62.3749920542 201 202
Ca 46.1978074641 201 202
Ca 65.7054739735 216 217
Ca 79.3141493934 216 217
Ca 101.83261307 216 217
Ca 119.180962413 216 217
Ca 117.41969555 216 217
Ca 85.775903606 216 217
Ca 50.0965555979 216 217
Ca 32.6315753329 216 217
Ca 48.515105288 221 222
Ca 66.0936059784 221 222
Ca 86.6083104346 221 222
Ca 98.3662241968 221 222
Ca 99.0161677621 221 222
Ca 84.6723011036 221 222
Ca 52.4912816876 221 222
Ca 34.2286652483 221 222
Ca 60.90461294 232 233
Ca 80.4399563976 232 233
Ca 106.19921025 232 233
Ca 131.393328498 232 233
Ca 129.92730738 232 233
Ca 101.758731306 232 233
Ca 73.1038782075 232 233
Ca 55.1694517577 232 233
Ca 25.876989951 250 251
Ca 46.3420653486 250 251
Ca 102.310557045 250 251
Ca 142.618650589 250 251
Ca 142.064733521 250 251
Ca 110.489287422 250 251
Ca 82.0625892851 250 251
Ca 63.9151093794 250 251
Ca 76.1471118732 260 261
Ca 93.4232155131 260 261
Ca 104.639503393 260 261
Ca 108.00759509 260 261
Ca 105.975197619 260 261
Ca 102.436108944 260 261
Ca 94.5236957615 260 261
Ca 85.6965844542 260 261
Ca 37.2279456872 272 273
Ca 54.2227942305 272 273
Ca 94.3396620501 272 273
Ca 119.722172802 272 273
Ca 121.557093337 272 273
Ca 104.083738747 272 273
Ca 72.9839077467 272 273
Ca 53.2949998458 272 273
Ca 82.688502351 283 284
Ca 94.420142922 283 284
Ca 103.214543782 283 284
Ca 106.188351966 283 284
Ca 103.36111744 283 284
Ca 93.0572843536 283 284
Ca 77.8145946692 283 284
Ca 63.4641087703 283 284
Ca 47.0663791588 285 286
Ca 66.062443289 285 286
Ca 94.0993701379 285 286
Ca 116.538073163 285 286
Ca 120.003989231 285 286
Ca 100.305440158 285 286
Ca 67.1925307954 285 286
Ca 48.1108370825 285 286
Ca 66.3659439772 294 295
Ca 81.2827042408 294 295
Ca 91.5877879565 294 295
Ca 95.9613563673 294 295
Ca 94.8049715062 294 295
Ca 91.3352155879 294 295
Ca 80.3191935801 294 295
Ca 63.7580286104 294 295
Ca 39.1874119219 309 310
Ca 56.3152285329 309 310
Ca 74.1029606114 309 310
Ca 85.4444396888 309 310
Ca 85.5826463838 309 310
Ca 82.4029831053 309 310
Ca 74.6946289958 309 310
Ca 63.913377289 309 310
Ca 45.9708739732 321 322
Ca 65.2878987377 321 322
Ca 94.4449384046 321 322
Ca 116.410933249 321 322
Ca 121.140007788 321 322
Ca 98.5826760306 321 322
Ca 68.4490910602 321 322
Ca 49.5868486445 321 322
Ca 45.5136619438 333 334
Ca 62.7813702902 333 334
Ca 82.4048921307 333 334
Ca 94.4042591986 333 334
Ca 98.5996275092 333 334
Ca 91.3678404263 333 334
Ca 70.4063161904 333 334
Ca 47.2692976318 333 334
Ca 51.9461079801 349 350
Ca 73.5482914506 349 350
Ca 110.41673945 349 350
Ca 147.718958309 349 350
Ca 156.646788964 349 350
Ca 124.866348858 349 350
Ca 92.753208562 349 350
Ca 72.9765053088 349 350
Ca 28.8238187574 358 359
Ca 50.0230764972 358 359
Ca 91.8345288514 358 359
Ca 129.054761519 358 359
Ca 122.816911196 358 359
Ca 107.229895684 358 359
Ca 88.2415269879 358 359
Ca 75.7596299662 358 359
Ca 36.078386429 366 367
Ca 57.8027345393 366 367
Ca 85.1079314308 366 367
Ca 99.2441140404 366 367
Ca 98.2773065015 366 367
Ca 88.4382979101 366 367
Ca 70.7644396941 366 367
Ca 53.5847500293 366 367
Ca 7.36008559794 917 918
Ca 8.73887766011 917 918
Ca 10.7988635848 917 918
Ca 13.97566646 917 918
Ca 19.9607449636 917 918
Ca 35.3141249311 917 918
Ca 87.6871706484 917 918
Ca 70.7537275958 917 918
Ca 47.7219991922 939 940
Ca 67.2535615053 939 940
Ca 99.0585836567 939 940
Ca 124.906307909 939 940
Ca 129.315538124 939 940
Ca 105.398003353 939 940
Ca 68.1822317307 939 940
Ca 49.7525683282 939 940
Ca 77.3285720912 942 943
Ca 90.5295355938 942 943
Ca 102.21162053 942 943
Ca 105.248798403 942 943
Ca 102.795460286 942 943
Ca 95.1302354327 942 943
Ca 79.834016615 942 943
Ca 62.6050210846 942 943
Ca 50.233667605 972 973
Ca 73.0889062599 972 973
Ca 111.100450409 972 973
Ca 156.211203163 972 973
Ca 149.652735788 972 973
Ca 107.952387053 972 973
Ca 74.9317977379 972 973
Ca 55.702016573 972 973
Ca 41.4254221819 973 974
Ca 60.5835136863 973 974
Ca 91.1685958722 973 974
Ca 109.504632809 973 974
Ca 109.416215348 973 974
Ca 92.949590056 973 974
Ca 62.8777456336 973 974
Ca 42.523055715 973 974
Ca 72.9144747631 986 987
Ca 87.5283380627 986 987
Ca 98.5699314897 986 987
Ca 102.761037766 986 987
Ca 101.498098938 986 987
Ca 96.2212565065 986 987
Ca 84.2373748895 986 987
Ca 68.9148258787 986 987
Ca 74.663161138 985 986
Ca 87.6446017277 985 986
Ca 99.4759266 985 986
Ca 106.015759664 985 986
Ca 105.480079469 985 986
Ca 100.483931076 985 986
Ca 89.5113527826 985 986
Ca 74.3814599493 985 986
Ca 58.3605862238 1006 1007
Ca 76.2768888801 1006 1007
Ca 93.2659690842 1006 1007
Ca 102.398348001 1006 1007
Ca 101.932580769 1006 1007
Ca 91.9213941266 1006 1007
Ca 75.1445737718 1006 1007
Ca 57.4093232825 1006 1007
Ca 55.1613059166 1011 1012
Ca 75.2986523107 1011 1012
Ca 100.518748183 1011 1012
Ca 121.016480701 1011 1012
Ca 127.706654856 1011 1012
Ca 103.614063642 1011 1012
Ca 62.9701469251 1011 1012
Ca 41.5128858476 1011 1012
Ca 74.6462675503 1045 1046
Ca 90.4656711464 1045 1046
Ca 102.715365174 1045 1046
Ca 107.741458743 1045 1046
Ca 105.383069783 1045 1046
