C 37.3714524919 32 33
C 48.8841484567 32 33
C 80.4779215377 32 33
C 136.24890324 32 33
C 170.969004458 32 33
C 130.83823648 32 33
C 30.825183086 32 33
C 16.1288143435 32 33
C 19.2073768547 75 76
C 28.387416361 75 76
C 63.3744349126 75 76
C 174.147073513 75 76
C 140.775538355 75 76
C 114.09169938 75 76
C 95.7148836112 75 76
C 82.2872593111 75 76
C 51.8004427496 82 83
C 60.5682815784 82 83
C 77.4791276691 82 83
C 100.972130105 82 83
C 109.392993189 82 83
C 89.3105467558 82 83
C 59.3179214761 82 83
C 36.0401217142 82 83
C 47.4548813855 83 84
C 62.6531814643 83 84
C 90.8735681613 83 84
C 127.909668533 83 84
C 141.711301643 83 84
C 116.600133912 83 84
C 83.5278026658 83 84
C 59.841491878 83 84
C 66.1621199681 96 97
C 76.7507180722 96 97
C 88.109686922 96 97
C 100.939415804 96 97
C 106.217093331 96 97
C 93.6030829637 96 97
C 65.942126311 96 97
C 45.7807498901 96 97
C 24.0098590027 126 127
C 44.7447376725 126 127
C 91.5023609021 126 127
C 130.294677259 126 127
C 154.42890384 126 127
C 156.019258711 126 127
C 33.7975583192 126 127
C 21.1544767705 126 127
C 56.4410209912 136 137
C 77.7158708997 136 137
C 103.281663853 136 137
C 127.554940337 136 137
C 142.162560681 136 137
C 97.1785669911 136 137
C 19.4792148458 136 137
C 13.2388525207 136 137
C 7.06461176791 138 139
C 13.8586942753 138 139
C 61.8571513435 138 139
C 158.179719431 138 139
C 164.356784462 138 139
C 116.483315629 138 139
C 49.2290852821 138 139
C 33.1686920528 138 139
C 57.7351469059 160 161
C 65.9464647311 160 161
C 80.4267475773 160 161
C 98.3636364623 160 161
C 107.068629516 160 161
C 85.4828767741 160 161
C 56.1707836222 160 161
C 37.0068151028 160 161
C 9.90175588042 205 206
C 17.3877387203 205 206
C 67.0218514697 205 206
C 168.892005588 205 206
C 172.563172648 205 206
C 127.156789499 205 206
C 44.2072797884 205 206
C 28.8063051347 205 206
C 48.0584312078 211 212
C 57.9419875837 211 212
C 77.5361389092 211 212
C 106.928414889 211 212
C 113.076491345 211 212
C 88.2546095707 211 212
C 60.638456263 211 212
C 41.8924934463 211 212
C 17.3733056468 216 217
C 27.1044895928 216 217
C 54.0880808171 216 217
C 97.3958396457 216 217
C 116.318052757 216 217
C 110.693672876 216 217
C 94.725711892 216 217
C 73.3303657598 216 217
C 61.7989359353 234 235
C 81.1388268816 234 235
C 105.578327501 234 235
C 124.743390274 234 235
C 131.178180713 234 235
C 84.0099573605 234 235
C 16.9493672966 234 235
C 5.9101541278 234 235
C 62.5070747348 241 242
C 80.0941044888 241 242
C 103.576152678 241 242
C 123.46527733 241 242
C 141.118591064 241 242
C 123.368090637 241 242
C 38.3980019255 241 242
C 23.0899136918 241 242
C 52.4151546099 253 254
C 71.6738980113 253 254
C 102.768451004 253 254
C 140.989493722 253 254
C 174.528907702 253 254
C 95.4915013327 253 254
C 34.7676644282 253 254
C 21.9154119496 253 254
C 18.081867172 261 262
C 29.3533306057 261 262
C 83.9973610592 261 262
C 159.39076165 261 262
C 177.652087563 261 262
C 129.872218502 261 262
C 42.7975050332 261 262
C 28.245885385 261 262
C 55.7362122596 273 274
C 72.7351425154 273 274
C 103.310572814 273 274
C 136.883260543 273 274
C 163.232676414 273 274
C 161.428480714 273 274
C 16.5941117196 273 274
C 4.09405880872 273 274
C 33.2460801287 287 288
C 50.6187334459 287 288
C 75.4290461544 287 288
C 96.5000538901 287 288
C 109.691108168 287 288
C 107.445555286 287 288
C 93.1782000275 287 288
C 74.0413921807 287 288
C 51.0010948804 293 294
C 66.3783911407 293 294
C 93.3264817822 293 294
C 124.579229815 293 294
C 141.542916482 293 294
C 117.639300201 293 294
C 43.0727372186 293 294
C 27.217594746 293 294
C 8.99654458169 300 301
C 17.7769962406 300 301
C 50.9138528386 300 301
C 169.857835708 300 301
C 160.237976832 300 301
C 127.537177412 300 301
C 45.8467959396 300 301
C 15.6592412062 300 301
C 52.809411266 307 308
C 61.8859838295 307 308
C 79.2532939099 307 308
C 104.230949143 307 308
C 111.384191429 307 308
C 91.9543754728 307 308
C 63.4213797819 307 308
C 36.5392339274 307 308
C 1.81976757364 1 2
C 2.17611235489 1 2
C 2.72700317418 1 2
C 3.88466664979 1 2
C 10.5502730621 1 2
C 108.65895552 1 2
C 96.5840296246 1 2
C 84.4219851763 1 2
C 60.8903450323 8 9
C 77.0514877831 8 9
C 100.073950836 8 9
C 122.553882381 8 9
C 133.036305977 8 9
C 98.9040771915 8 9
C 37.500430569 8 9
C 23.8272190586 8 9
