Ca 73.0413839163 32 33
Ca 89.499543042 32 33
Ca 115.674318764 32 33
Ca 150.979107037 32 33
Ca 163.655120266 32 33
Ca 105.924585796 32 33
Ca 62.2030512578 32 33
Ca 41.9346394941 32 33
Ca 46.4494702573 75 76
Ca 68.0589612567 75 76
Ca 104.785388443 75 76
Ca 148.789370273 75 76
Ca 141.556400536 75 76
Ca 114.095502446 75 76
Ca 90.2098123878 75 76
Ca 74.9421651289 75 76
Ca 79.0950385272 82 83
Ca 93.9452140064 82 83
Ca 110.424424913 82 83
Ca 125.669305337 82 83
Ca 123.226786607 82 83
Ca 101.33649385 82 83
Ca 74.3563164423 82 83
Ca 54.1791006919 82 83
Ca 62.3464735452 83 84
Ca 80.6700496193 83 84
Ca 107.126926131 83 84
Ca 130.116603369 83 84
Ca 136.018547791 83 84
Ca 108.425325402 83 84
Ca 77.2381220329 83 84
Ca 56.2868987653 83 84
Ca 78.4678605408 96 97
Ca 91.0395513753 96 97
Ca 100.122838081 96 97
Ca 102.365721455 96 97
Ca 98.7918814309 96 97
Ca 86.9299293861 96 97
Ca 70.5793196999 96 97
Ca 53.8588270643 96 97
Ca 34.4693092066 126 127
Ca 55.1056901207 126 127
Ca 92.0763247849 126 127
Ca 107.684254288 126 127
Ca 107.264263755 126 127
Ca 94.5663026564 126 127
Ca 64.1863276894 126 127
Ca 41.9091343397 126 127
Ca 53.9314338955 136 137
Ca 72.1165986159 136 137
Ca 95.2397091247 136 137
Ca 104.40099886 136 137
Ca 101.822165085 136 137
Ca 79.2476241705 136 137
Ca 47.2475025622 136 137
Ca 27.7818129974 136 137
Ca 38.0469290922 138 139
Ca 55.6104467318 138 139
Ca 92.270789001 138 139
Ca 127.673011711 138 139
Ca 130.479407634 138 139
Ca 108.009047073 138 139
Ca 73.4975339015 138 139
Ca 54.5061177205 138 139
Ca 80.5379584129 160 161
Ca 95.0830028608 160 161
Ca 109.090313514 160 161
Ca 120.574661244 160 161
Ca 118.767472404 160 161
Ca 98.3543995932 160 161
Ca 72.0805663422 160 161
Ca 54.3628425686 160 161
Ca 43.0410052388 205 206
Ca 64.5253462455 205 206
Ca 100.696247124 205 206
Ca 133.518447351 205 206
Ca 140.035397973 205 206
Ca 109.865842774 205 206
Ca 72.3738138638 205 206
Ca 52.1010790097 205 206
Ca 77.9020221982 211 212
Ca 93.8615407549 211 212
Ca 112.769577168 211 212
Ca 132.146357245 211 212
Ca 129.072586104 211 212
Ca 101.243843828 211 212
Ca 72.2712853496 211 212
Ca 54.8621980201 211 212
Ca 21.4013347107 216 217
Ca 36.5650177283 216 217
Ca 71.2168538569 216 217
Ca 103.605338562 216 217
Ca 105.90584711 216 217
Ca 99.9776842614 216 217
Ca 84.9609958987 216 217
Ca 70.3395027469 216 217
Ca 60.3548972943 234 235
Ca 75.4023805515 234 235
Ca 96.1755469201 234 235
Ca 106.413285905 234 235
Ca 101.84999046 234 235
Ca 79.456965276 234 235
Ca 52.4196570607 234 235
Ca 34.4484580711 234 235
Ca 56.2216434447 241 242
Ca 70.8976473204 241 242
Ca 88.505944859 241 242
Ca 99.7699232321 241 242
Ca 98.4103098073 241 242
Ca 83.9742780242 241 242
Ca 55.823221694 241 242
Ca 38.5757899966 241 242
Ca 60.2126271244 253 254
Ca 78.7951186863 253 254
Ca 106.42843344 253 254
Ca 125.110640786 253 254
Ca 129.557229737 253 254
Ca 87.9676061944 253 254
Ca 46.518366171 253 254
Ca 29.543380718 253 254
Ca 50.0592382692 261 262
Ca 71.9957304411 261 262
Ca 102.631477724 261 262
Ca 128.657562166 261 262
Ca 136.559110411 261 262
Ca 108.82010553 261 262
Ca 70.1303769058 261 262
Ca 49.7452521142 261 262
Ca 77.8549546921 273 274
Ca 93.4104419302 273 274
Ca 116.922055852 273 274
Ca 143.310598922 273 274
Ca 134.382986334 273 274
Ca 100.31032459 273 274
Ca 61.6677825758 273 274
Ca 39.3263736806 273 274
Ca 34.7924098683 287 288
Ca 58.0959264945 287 288
Ca 84.2517204575 287 288
Ca 95.1564510598 287 288
Ca 95.4810257423 287 288
Ca 93.0725252916 287 288
Ca 83.7398664726 287 288
Ca 70.3668619623 287 288
Ca 76.4903530677 293 294
Ca 91.4118578914 293 294
Ca 112.729336969 293 294
Ca 130.991728767 293 294
Ca 121.89544829 293 294
Ca 97.2036700159 293 294
Ca 67.7521080103 293 294
Ca 49.8539255157 293 294
Ca 47.5441533279 300 301
Ca 70.3052482336 300 301
Ca 106.909173859 300 301
Ca 148.8413571 300 301
Ca 149.971293965 300 301
Ca 112.223331192 300 301
Ca 72.8141809143 300 301
Ca 48.1626102872 300 301
Ca 80.0398233014 307 308
Ca 94.7435073437 307 308
Ca 111.803339272 307 308
Ca 128.228389789 307 308
Ca 126.511206687 307 308
Ca 103.789609242 307 308
Ca 76.9851412667 307 308
Ca 56.9353287456 307 308
Ca 3.23642598127 1 2
Ca 3.94684254835 1 2
Ca 5.12166407453 1 2
Ca 7.17407463421 1 2
Ca 11.5732226426 1 2
Ca 25.4269388097 1 2
Ca 90.7831689237 1 2
Ca 77.8767087025 1 2
Ca 80.097284413 8 9
Ca 93.5924853661 8 9
Ca 109.736713808 8 9
Ca 119.417774309 8 9
Ca 109.931432854 8 9
Ca 88.9467239532 8 9
Ca 59.5284546643 8 9
Ca 41.7824804175 8 9
