N 73.128584396 32 33
N 87.8016780213 32 33
N 115.366024728 32 33
N 141.628973347 32 33
N 138.450520125 32 33
N 68.8124542884 32 33
N 28.5859005601 32 33
N 16.8504119775 32 33
N 34.9070218823 75 76
N 55.5959512175 75 76
N 103.776711948 75 76
N 147.836303616 75 76
N 149.273692388 75 76
N 100.845338626 75 76
N 70.0249216363 75 76
N 55.6756596259 75 76
N 77.7645267307 82 83
N 92.3621532688 82 83
N 113.34096302 82 83
N 134.112466523 82 83
N 129.576932222 82 83
N 83.1589321633 82 83
N 49.8420264415 82 83
N 35.5548836264 82 83
N 48.6163442641 83 84
N 72.3598656638 83 84
N 117.699208814 83 84
N 148.845248954 83 84
N 147.415927672 83 84
N 76.7127390646 83 84
N 36.1158014296 83 84
N 24.2069106626 83 84
N 75.5066067763 96 97
N 90.8194397294 96 97
N 106.80643308 96 97
N 111.912540319 96 97
N 97.7185247075 96 97
N 74.453623713 96 97
N 53.4391200704 96 97
N 40.3204589786 96 97
N 25.655349743 126 127
N 46.4872096956 126 127
N 136.315946671 126 127
N 133.270886538 126 127
N 113.315971721 126 127
N 86.4734468253 126 127
N 57.5754636228 126 127
N 36.8166002558 126 127
N 25.2328512601 136 137
N 49.8733016031 136 137
N 109.603285621 136 137
N 126.239281982 136 137
N 107.137622148 136 137
N 73.9346494112 136 137
N 44.7869511989 136 137
N 29.7264747633 136 137
N 37.7964674032 138 139
N 54.5734199106 138 139
N 96.1407183568 138 139
N 139.03588699 138 139
N 133.424797298 138 139
N 95.6616092539 138 139
N 58.5894292519 138 139
N 38.7693347645 138 139
N 75.5000571846 160 161
N 92.4638560608 160 161
N 112.399533407 160 161
N 128.557343451 160 161
N 121.279366662 160 161
N 88.0980858815 160 161
N 55.4184392933 160 161
N 39.3474283703 160 161
N 26.9912573392 205 206
N 57.8658250549 205 206
N 113.203662713 205 206
N 135.681295309 205 206
N 128.905529507 205 206
N 89.6793748871 205 206
N 49.4757363506 205 206
N 31.8764399969 205 206
N 75.9994265579 211 212
N 90.8244638697 211 212
N 113.113745394 211 212
N 136.139343033 211 212
N 135.865104403 211 212
N 72.6947478022 211 212
N 41.6002682091 211 212
N 30.1181028449 211 212
N 7.98939451701 216 217
N 18.3117779092 216 217
N 78.8150119733 216 217
N 148.562072055 216 217
N 136.528510021 216 217
N 110.449828024 216 217
N 90.1351728302 216 217
N 71.5569099814 216 217
N 34.148927245 234 235
N 57.0261225631 234 235
N 95.4888761726 234 235
N 120.224770955 234 235
N 103.497125939 234 235
N 66.8686920878 234 235
N 42.6880597373 234 235
N 31.5329085542 234 235
N 38.3505552506 241 242
N 53.1088519786 241 242
N 74.9899977646 241 242
N 93.5583136694 241 242
N 88.3688665172 241 242
N 67.6392967717 241 242
N 44.640968983 241 242
N 31.397672177 241 242
N 37.7037442095 253 254
N 58.7219591871 253 254
N 110.800819905 253 254
N 141.646838637 253 254
N 124.649740496 253 254
N 45.8038029466 253 254
N 22.2922604183 253 254
N 15.0016202272 253 254
N 38.1398899127 261 262
N 70.1741964784 261 262
N 110.589582558 261 262
N 127.83553248 261 262
N 121.702267293 261 262
N 86.7966391534 261 262
N 48.0598867368 261 262
N 30.2644145806 261 262
N 71.8449635298 273 274
N 85.4275685784 273 274
N 106.557083152 273 274
N 131.504378445 273 274
N 142.934637573 273 274
N 39.3198005629 273 274
N 16.2864795758 273 274
N 8.48945919495 273 274
N 7.22407575153 287 288
N 27.2689107472 287 288
N 127.446684589 287 288
N 128.297130233 287 288
N 113.49972968 287 288
N 96.3033226548 287 288
N 84.022235643 287 288
N 71.7686135373 287 288
N 74.9029902009 293 294
N 90.7605745933 293 294
N 113.571982568 293 294
N 131.463077239 293 294
N 110.082698766 293 294
N 58.0479086701 293 294
N 33.3907257757 293 294
N 23.4387425615 293 294
N 33.3712634649 300 301
N 66.1809097967 300 301
N 122.106434596 300 301
N 147.267237138 300 301
N 143.813364416 300 301
N 95.6228154593 300 301
N 48.506850764 300 301
N 29.929594825 300 301
N 78.5899488743 307 308
N 92.4275102796 307 308
N 112.65980512 307 308
N 134.74423999 307 308
N 130.869411133 307 308
N 82.1880703044 307 308
N 50.4928857404 307 308
N 36.1350182421 307 308
N 3.9875578186 1 2
N 4.59358106657 1 2
N 5.43182650148 1 2
N 6.69967268863 1 2
N 8.70056257576 1 2
N 12.4112072578 1 2
N 21.7553351861 1 2
N 70.1134914898 1 2
N 77.0917115497 8 9
N 92.1447436184 8 9
N 110.805846753 8 9
N 119.896550348 8 9
N 96.9329060349 8 9
N 54.8549903034 8 9
N 33.7456588113 8 9
N 24.1581474792 8 9
