N 30.0474002319 37 38
N 50.2971879118 37 38
N 81.7264053751 37 38
N 103.049451649 37 38
N 92.3520369295 37 38
N 66.8329570561 37 38
N 43.0360500606 37 38
N 29.7658180416 37 38
N 39.5824395118 43 44
N 71.9032640467 43 44
N 114.227200189 43 44
N 131.908849554 43 44
N 128.261501801 43 44
N 87.4306765185 43 44
N 52.607068894 43 44
N 39.3052389468 43 44
N 50.079023346 45 46
N 69.5412015975 45 46
N 95.7532156941 45 46
N 127.68069866 45 46
N 140.149048198 45 46
N 90.4528759676 45 46
N 44.5991290114 45 46
N 27.8792165332 45 46
N 48.0776204414 60 61
N 73.4204067647 60 61
N 119.148515542 60 61
N 147.301642903 60 61
N 150.577653109 60 61
N 13.7979900543 60 61
N 8.85988387965 60 61
N 9.99538226918 60 61
N 23.426003493 71 72
N 42.3441904394 71 72
N 104.55901544 71 72
N 135.039082708 71 72
N 121.494732339 71 72
N 81.2171146054 71 72
N 48.9340756973 71 72
N 33.081759143 71 72
N 41.8463849402 84 85
N 72.3672301752 84 85
N 110.438053075 84 85
N 125.562676895 84 85
N 119.276375742 84 85
N 90.3420811206 84 85
N 57.7393516635 84 85
N 37.9338781978 84 85
N 50.7442508396 111 112
N 71.9693887055 111 112
N 93.6547923661 111 112
N 107.310730971 111 112
N 104.030649339 111 112
N 94.6805442744 111 112
N 80.0488712775 111 112
N 64.7430489346 111 112
N 77.1500321313 121 122
N 92.4691467608 121 122
N 109.364337171 121 122
N 166.177699113 121 122
N 94.0786488571 121 122
N 61.3654810112 121 122
N 45.3107024004 121 122
N 37.7200472225 121 122
N 14.1717104583 202 203
N 8.26637325448 202 203
N 148.326130041 202 203
N 151.371725877 202 203
N 134.322829889 202 203
N 94.9271361706 202 203
N 46.5131938072 202 203
N 28.5318659074 202 203
N 38.9209768903 209 210
N 59.668294149 209 210
N 129.680155025 209 210
N 157.494683113 209 210
N 150.212601615 209 210
N 78.8622302588 209 210
N 10.9738842135 209 210
N 6.38160424118 209 210
N 41.9122170526 223 224
N 63.5056530866 223 224
N 99.6979310809 223 224
N 133.557272224 223 224
N 131.872907833 223 224
N 93.6162362929 223 224
N 57.4823868452 223 224
N 38.2434127341 223 224
N 74.4012986428 228 229
N 91.9489511785 228 229
N 114.065154542 228 229
N 129.883618722 228 229
N 107.874912094 228 229
N 54.6204094371 228 229
N 29.2424213585 228 229
N 18.24852623 228 229
N 34.0704675576 231 232
N 54.2972199356 231 232
N 102.200027165 231 232
N 147.182565944 231 232
N 140.114860323 231 232
N 92.1646904802 231 232
N 48.5288897572 231 232
N 30.0849168615 231 232
N 77.8995581108 237 238
N 94.2720007397 237 238
N 118.277226209 237 238
N 141.317235257 237 238
N 120.316421849 237 238
N 64.5983275984 237 238
N 44.6335582547 237 238
N 37.0814256088 237 238
N 45.7008650018 250 251
N 74.0328445757 250 251
N 105.505382614 250 251
N 119.944357898 250 251
N 115.154533023 250 251
N 90.6027541878 250 251
N 58.2748904194 250 251
N 38.5592307 250 251
N 30.2855247513 265 266
N 57.9228152534 265 266
N 99.3572616113 265 266
N 120.499631623 265 266
N 101.233915618 265 266
N 58.3655133195 265 266
N 33.7046668028 265 266
N 23.0370207581 265 266
N 33.4822038541 304 305
N 67.2159402427 304 305
N 109.793545163 304 305
N 122.488349748 304 305
N 115.965206653 304 305
N 92.918370928 304 305
N 64.2801952257 304 305
N 44.1060110831 304 305
N 48.9870989929 316 317
N 69.3006636525 316 317
N 111.894092216 316 317
N 137.570918832 316 317
N 133.715563305 316 317
N 98.2970500698 316 317
N 44.5262408119 316 317
N 24.759935287 316 317
N 42.4920670937 327 328
N 66.0573121069 327 328
N 100.477409588 327 328
N 130.391458573 327 328
N 132.809042247 327 328
N 42.0564214002 327 328
N 16.3554081702 327 328
N 12.8540381333 327 328
N 9.11388878712 347 348
N 33.6931285421 347 348
N 119.935853117 347 348
N 139.605266478 347 348
N 122.177872374 347 348
N 91.2157816076 347 348
N 59.9073270928 347 348
N 43.8442117093 347 348
N 37.5701392835 352 353
N 59.7964794139 352 353
N 107.865905558 352 353
N 159.526851692 352 353
N 141.87298694 352 353
N 95.3222392997 352 353
N 55.2314723808 352 353
N 35.7501778384 352 353
N 24.3537674524 369 370
N 46.6650261779 369 370
N 103.899620286 369 370
N 129.856011206 369 370
N 109.222589681 369 370
N 75.4415793263 369 370
N 50.841079233 369 370
N 37.6873908755 369 370
N 22.8717442935 376 377
N 39.2789354251 376 377
N 78.0648784202 376 377
N 112.831016648 376 377
N 103.142830841 376 377
N 71.1672900485 376 377
N 45.2120767206 376 377
N 29.4487395226 376 377
N 79.2238483172 395 396
N 94.0169570101 395 396
N 113.65573743 395 396
N 132.924623355 395 396
N 128.383489411 395 396
N 82.1135802205 395 396
N 46.4142417679 395 396
N 31.7330601678 395 396
N 44.0005632941 400 401
N 60.9000548936 400 401
N 95.9251857361 400 401
N 133.463172801 400 401
N 141.382762517 400 401
N 77.9332239659 400 401
N 20.1078177423 400 401
N 10.4813253258 400 401
N 29.7885833405 37 38
N 50.5183611792 37 38
N 83.5715069461 37 38
N 105.854710759 37 38
N 94.9898800102 37 38
N 68.5493123759 37 38
N 44.1065770203 37 38
N 30.7184862326 37 38
N 41.6247325935 43 44
N 70.3813552475 43 44
N 109.995512225 43 44
N 129.201083426 43 44
N 128.148212859 43 44
N 84.4612081753 43 44
N 47.0113250646 43 44
N 35.5047290545 43 44
N 50.7122224829 45 46
N 69.1490058639 45 46
N 93.6891086955 45 46
N 123.009076298 45 46
N 131.219228571 45 46
N 85.2885406141 45 46
N 44.4191426364 45 46
N 28.15670198 45 46
N 46.2960041151 60 61
N 71.2519813513 60 61
N 118.564485187 60 61
N 147.099038791 60 61
N 149.481521332 60 61
N 16.4250714312 60 61
N 9.20004840857 60 61
N 10.3896834313 60 61
N 24.5009223737 71 72
N 44.460846224 71 72
N 114.273144159 71 72
N 141.369153136 71 72
N 127.738934204 71 72
N 83.6366231771 71 72
N 48.0630166286 71 72
N 32.4247010981 71 72
N 39.7905710531 84 85
N 70.2729380531 84 85
N 109.001410724 84 85
N 124.322017204 84 85
N 118.462414078 84 85
N 89.8763429895 84 85
N 57.8684572938 84 85
N 37.9705093354 84 85
N 49.4622736113 111 112
N 70.4905219963 111 112
N 92.437112829 111 112
N 106.556742312 111 112
N 103.69111241 111 112
N 95.0360693217 111 112
N 81.3349598343 111 112
N 66.1828870335 111 112
N 5.88866112241 202 203
N 27.4575441034 202 203
N 140.696726162 202 203
N 150.56544385 202 203
N 132.77661193 202 203
N 89.7585828039 202 203
N 47.2146650257 202 203
N 31.4302370005 202 203
N 38.7765336002 209 210
N 61.2208523124 209 210
N 131.119919656 209 210
N 153.959049525 209 210
N 143.55975569 209 210
N 80.7031638318 209 210
N 15.3568678923 209 210
N 7.34140638162 209 210
N 42.4466589555 223 224
N 64.4549431943 223 224
N 103.321489543 223 224
N 142.814339284 223 224
N 139.018257157 223 224
N 97.3763842537 223 224
N 59.5683938793 223 224
N 39.3154876513 223 224
N 73.6049397544 228 229
N 92.1929445398 228 229
N 115.196747049 228 229
N 129.467226226 228 229
N 107.642400499 228 229
N 59.3063970633 228 229
N 32.7546561196 228 229
N 20.8303354988 228 229
N 33.7366137848 231 232
N 54.7391676203 231 232
N 103.306660049 231 232
N 143.882040745 231 232
N 138.558915055 231 232
N 93.2834998048 231 232
N 46.4488380256 231 232
N 27.7508337501 231 232
N 77.8579564794 237 238
N 95.3726969356 237 238
N 120.611786282 237 238
N 143.005789131 237 238
N 119.612020569 237 238
N 65.8797203452 237 238
N 45.4643128269 237 238
N 37.479895898 237 238
N 47.1795885997 250 251
N 75.5834414646 250 251
N 106.616550486 250 251
N 120.595192504 250 251
N 115.227128352 250 251
N 90.2543051302 250 251
N 57.0155954429 250 251
N 37.183207142 250 251
N 38.693520413 265 266
N 67.2522100995 265 266
N 103.373759846 265 266
N 121.611414153 265 266
N 103.543004753 265 266
N 59.5685799233 265 266
N 32.8603704521 265 266
N 21.9427498777 265 266
N 42.373098111 298 299
N 58.8821655431 298 299
N 78.9649938075 298 299
N 92.6875278047 298 299
N 90.0603207441 298 299
N 75.8893029198 298 299
N 58.5613493349 298 299
N 45.4324166488 298 299
N 40.6323977121 304 305
N 64.9448070019 304 305
N 100.987485843 304 305
N 118.286361792 304 305
N 114.020293867 304 305
N 91.8101489076 304 305
N 62.7719018264 304 305
N 43.0126209512 304 305
N 40.6323977121 304 305
N 64.9448070019 304 305
N 100.987485843 304 305
N 118.286361792 304 305
N 114.020293867 304 305
N 91.8101489076 304 305
N 62.7719018264 304 305
N 43.0126209512 304 305
N 47.1919774884 316 317
N 67.3308607017 316 317
N 111.372477639 316 317
N 137.209367875 316 317
N 133.239062282 316 317
N 101.456429092 316 317
N 49.3046202566 316 317
N 27.499450504 316 317
N 42.4185817005 327 328
N 65.8006482006 327 328
N 100.461641147 327 328
N 130.923579989 327 328
N 133.982114761 327 328
N 35.8545636053 327 328
N 14.2617144597 327 328
N 11.6901384997 327 328
N 12.4048660041 347 348
N 39.440395121 347 348
N 113.563125557 347 348
N 136.438765089 347 348
N 120.405582252 347 348
N 89.7532542452 347 348
N 59.796204363 347 348
N 44.101184534 347 348
N 36.6928887212 352 353
N 58.6477707269 352 353
N 106.342766551 352 353
N 157.699455139 352 353
N 142.397614448 352 353
N 95.7602031729 352 353
N 54.4782285948 352 353
N 34.9776326983 352 353
N 59.5819849668 368 369
N 84.154702662 368 369
N 117.16421257 368 369
N 146.759904405 368 369
N 149.018312097 368 369
N 92.2849682288 368 369
N 55.9789574208 368 369
N 42.48974824 368 369
N 22.6921672422 376 377
N 39.2365888502 376 377
N 80.4510202637 376 377
N 115.581623059 376 377
N 104.249961863 376 377
N 70.1564284453 376 377
N 43.3535387141 376 377
N 27.7946593279 376 377
N 78.8995024773 395 396
N 94.5297538207 395 396
N 115.101743061 395 396
N 134.941254282 395 396
N 130.146574175 395 396
N 83.9278891381 395 396
N 46.6507627672 395 396
N 31.523867449 395 396
N 42.2696189894 400 401
N 59.0411892887 400 401
N 93.6814178005 400 401
N 130.194893147 400 401
N 137.833679872 400 401
N 82.0088023257 400 401
N 15.5086391367 400 401
N 5.6565678692 400 401
N 71.6251065838 411 412
N 93.4957803105 411 412
N 120.151501719 411 412
