C 52.352727138 37 38
C 71.9935784738 37 38
C 99.7264748733 37 38
C 125.868271232 37 38
C 145.23963611 37 38
C 130.491030214 37 38
C 23.0857282446 37 38
C 15.3449976228 37 38
C 14.6425236983 43 44
C 28.0757926865 43 44
C 99.1404441285 43 44
C 167.245247789 43 44
C 149.648837154 43 44
C 113.236016841 43 44
C 79.507171231 43 44
C 58.1720271235 43 44
C 55.0807785515 45 46
C 68.5351926408 45 46
C 90.104613048 45 46
C 118.187185804 45 46
C 135.638672016 45 46
C 114.908807331 45 46
C 63.8194786394 45 46
C 31.0561144657 45 46
C 42.6217140485 60 61
C 60.8435117677 60 61
C 101.270632991 60 61
C 139.761770912 60 61
C 161.166277857 60 61
C 121.396800988 60 61
C 15.4575420788 60 61
C 5.40864993532 60 61
C 42.974808192 71 72
C 55.9192307517 71 72
C 78.062848977 71 72
C 103.778464744 71 72
C 114.002588569 71 72
C 96.4807447999 71 72
C 57.4280424941 71 72
C 28.679496433 71 72
C 24.1053445168 84 85
C 33.4119039512 84 85
C 74.3562677321 84 85
C 137.571215667 84 85
C 145.886516476 84 85
C 102.650290165 84 85
C 28.7657900026 84 85
C 14.0645202148 84 85
C 56.4846893651 111 112
C 69.2267398491 111 112
C 85.592386617 111 112
C 103.117023511 111 112
C 111.702839857 111 112
C 104.185777195 111 112
C 83.1986305955 111 112
C 61.2258814454 111 112
C 67.54620242 121 122
C 76.5134369018 121 122
C 37.9579428878 121 122
C 28.9125016719 121 122
C 35.0004876576 121 122
C 33.140544138 121 122
C 29.7804137699 121 122
C 26.541018422 121 122
C 5.58359956802 202 203
C 7.25914165942 202 203
C 91.9878192674 202 203
C 172.945659414 202 203
C 166.625368137 202 203
C 119.73579358 202 203
C 55.2660513552 202 203
C 37.4243571314 202 203
C 11.677116074 209 210
C 15.0219805476 209 210
C 143.069479858 209 210
C 175.989187443 209 210
C 163.184659376 209 210
C 97.1988060147 209 210
C 30.6399691054 209 210
C 19.3529951098 209 210
C 15.5598863182 223 224
C 23.6783215949 223 224
C 56.7122738393 223 224
C 149.720549706 223 224
C 163.882037664 223 224
C 127.383544099 223 224
C 38.3248691425 223 224
C 24.0035191013 223 224
C 53.7171288284 228 229
C 69.7918039659 228 229
C 97.1320223319 228 229
C 136.443768338 228 229
C 161.18305675 228 229
C 96.5357905335 228 229
C 32.2963823933 228 229
C 19.2588869101 228 229
C 5.96152275882 231 232
C 9.30790662071 231 232
C 64.872548754 231 232
C 175.868526998 231 232
C 167.941344172 231 232
C 121.09153224 231 232
C 49.7861020481 231 232
C 33.6069164586 231 232
C 47.7286627235 237 238
C 62.4008366789 237 238
C 91.1016288221 237 238
C 135.963883742 237 238
C 149.483623991 237 238
C 119.277733004 237 238
C 92.5888588393 237 238
C 77.0874785239 237 238
C 27.4897401261 250 251
C 39.2175354056 250 251
C 82.5176316688 250 251
C 146.175968923 250 251
C 166.939700846 250 251
C 125.939551131 250 251
C 38.7744839664 250 251
C 25.7721974727 250 251
C 62.5881927732 265 266
C 82.8464747997 265 266
C 107.685267583 265 266
C 134.982266035 265 266
C 156.855215252 265 266
C 68.80539762 265 266
C 26.3701218957 265 266
C 18.2196398276 265 266
C 29.6947311816 304 305
C 42.6604010267 304 305
C 78.6640546238 304 305
C 127.774585597 304 305
C 144.667725705 304 305
C 126.070710286 304 305
C 32.7411952398 304 305
C 15.0539639613 304 305
C 29.3844578775 316 317
C 41.9374944134 316 317
C 91.0120495201 316 317
C 146.482580373 316 317
C 160.100217811 316 317
C 122.905924466 316 317
C 24.4161926001 316 317
C 14.6822344257 316 317
C 45.4325618386 327 328
C 64.0215675562 327 328
C 99.1367295526 327 328
C 131.44409918 327 328
C 140.245354683 327 328
C 114.602265381 327 328
C 52.3367532276 327 328
C 33.8904790205 327 328
C 48.7005446156 347 348
C 65.645087972 347 348
C 87.1878480798 347 348
C 106.79699963 347 348
C 112.678606246 347 348
C 94.4458129582 347 348
C 71.8647668385 347 348
C 54.3003827788 347 348
C 6.40480324098 352 353
C 7.92929880972 352 353
C 42.6622589234 352 353
C 169.751732048 352 353
C 169.685602728 352 353
C 128.243688447 352 353
C 51.4091710238 352 353
C 34.0652148798 352 353
C 53.298277342 369 370
C 72.9406014653 369 370
C 100.070336482 369 370
C 123.997748618 369 370
C 134.132121656 369 370
C 85.7713564476 369 370
C 22.9706833904 369 370
C 15.0820255264 369 370
C 44.6441071587 376 377
C 60.2189894303 376 377
C 84.5962041766 376 377
C 118.470405635 376 377
C 137.604646906 376 377
C 114.384845064 376 377
C 63.9305170137 376 377
C 35.1987237694 376 377
C 54.7225289882 395 396
C 63.514736446 395 396
C 80.58804022 395 396
C 106.307436936 395 396
C 118.004353576 395 396
C 91.8702268125 395 396
C 56.3170225124 395 396
C 37.8155939942 395 396
C 22.9859669611 400 401
C 37.1302465996 400 401
C 95.4172087037 400 401
C 154.435946836 400 401
C 155.344316472 400 401
C 120.942477514 400 401
C 56.2089556456 400 401
C 36.9814457228 400 401
C 50.2198602952 37 38
C 69.8550569433 37 38
C 98.3222073952 37 38
C 124.730857278 37 38
C 142.865525578 37 38
C 128.574161455 37 38
C 33.8422397917 37 38
C 20.185099902 37 38
C 16.7300535638 43 44
C 32.7220585878 43 44
C 100.058397218 43 44
C 169.532667778 43 44
C 153.525808732 43 44
C 115.329006398 43 44
C 81.9311338025 43 44
C 60.9433256005 43 44
C 59.8070363929 45 46
C 74.0142741421 45 46
C 94.7345549931 45 46
C 119.438798749 45 46
C 135.745257377 45 46
C 116.447726516 45 46
C 65.9850352995 45 46
C 32.5083566824 45 46
C 42.6160124058 60 61
C 60.9021423114 60 61
C 100.208366184 60 61
C 137.431264167 60 61
C 157.951112172 60 61
C 106.850886013 60 61
C 16.7623267758 60 61
C 6.70282491338 60 61
C 44.6311076042 71 72
C 58.1476014329 71 72
C 80.2925047434 71 72
C 104.264703438 71 72
C 112.321432887 71 72
C 94.2908431692 71 72
C 58.1750861113 71 72
C 30.5044324853 71 72
C 27.354950178 84 85
C 38.9743330638 84 85
C 82.709897221 84 85
C 138.415028284 84 85
C 148.897279311 84 85
C 104.127307836 84 85
C 21.2197611383 84 85
C 9.80346558728 84 85
C 55.9906844087 111 112
C 68.581836708 111 112
C 85.0578083973 111 112
C 101.880195258 111 112
C 110.005437243 111 112
C 102.003647933 111 112
C 80.8097311742 111 112
C 59.1066171897 111 112
C 2.836179049 202 203
C 6.28785537692 202 203
C 91.7801991619 202 203
C 178.71281838 202 203
C 161.876476177 202 203
C 112.85789185 202 203
C 56.3131569564 202 203
C 39.3498713231 202 203
C 9.92532401256 209 210
C 10.7433351409 209 210
C 172.840035937 209 210
C 176.654354691 209 210
C 169.236588752 209 210
C 111.937772841 209 210
C 30.1145602918 209 210
C 18.1142637203 209 210
C 12.6922789317 223 224
C 17.9594380819 223 224
C 42.6179872964 223 224
C 152.863674641 223 224
C 163.155287869 223 224
C 130.398120819 223 224
C 39.2541627268 223 224
C 23.8641227237 223 224
C 51.6680891586 228 229
C 67.3146694583 228 229
C 94.2256726504 228 229
C 134.588249574 228 229
C 160.272304514 228 229
C 98.4725990631 228 229
C 31.489188024 228 229
C 18.5500983063 228 229
C 6.73907217504 231 232
C 10.4005842693 231 232
C 72.2778260178 231 232
C 178.202221671 231 232
C 165.980157613 231 232
C 121.874306721 231 232
C 54.3384128492 231 232
C 36.5226302137 231 232
C 47.823992521 237 238
C 62.7756285076 237 238
C 91.8659018157 237 238
C 134.464565687 237 238
C 146.246825447 237 238
C 118.033084832 237 238
C 92.1061479265 237 238
C 76.756337887 237 238
C 28.0022923879 250 251
C 40.7745798074 250 251
C 85.5749860921 250 251
C 147.256559785 250 251
C 170.726553438 250 251
C 129.764653444 250 251
C 43.2375698948 250 251
C 28.8358463227 250 251
C 61.530752073 265 266
C 81.812470626 265 266
C 106.911174115 265 266
C 134.638223566 265 266
C 157.659280388 265 266
C 71.6110166417 265 266
C 25.8130360719 265 266
C 17.8899271564 265 266
C 61.2455179465 298 299
C 72.009460681 298 299
C 85.9051082517 298 299
C 103.856307859 298 299
C 116.164996995 298 299
C 111.108868234 298 299
C 90.3661883816 298 299
C 70.8684415323 298 299
C 31.8671620301 304 305
C 44.9526746581 304 305
C 81.1295794211 304 305
C 130.123212999 304 305
C 146.179023738 304 305
C 124.026615261 304 305
C 30.0214931432 304 305
C 15.6311829058 304 305
C 31.8671620301 304 305
C 44.9526746581 304 305
C 81.1295794211 304 305
C 130.123212999 304 305
C 146.179023738 304 305
C 124.026615261 304 305
C 30.0214931432 304 305
C 15.6311829058 304 305
C 30.5440495868 316 317
C 43.4253456573 316 317
C 88.6129637206 316 317
C 141.43399179 316 317
C 157.850388743 316 317
C 137.608054806 316 317
C 18.6680285867 316 317
C 12.150877156 316 317
C 43.5558761562 327 328
C 62.1836525074 327 328
C 98.4418755764 327 328
C 130.840728447 327 328
C 137.836141645 327 328
C 110.348520328 327 328
C 54.7684811733 327 328
C 36.795862253 327 328
C 50.2185099063 347 348
C 67.2466960692 347 348
C 88.6389935705 347 348
C 107.563966781 347 348
C 112.370586445 347 348
C 94.1049764893 347 348
C 72.0361988783 347 348
C 54.6672814371 347 348
C 6.88555373301 352 353
C 7.71691109303 352 353
C 32.4554320363 352 353
C 169.272761256 352 353
C 168.083196157 352 353
C 125.902794429 352 353
C 47.9792962336 352 353
C 31.6831589196 352 353
C 43.8043822174 368 369
C 54.8868296812 368 369
C 75.7764059449 368 369
C 103.103256848 368 369
C 105.679172149 368 369
C 83.4532430458 368 369
C 64.244076501 368 369
C 50.3474683887 368 369
C 44.6842924272 376 377
C 60.8126358638 376 377
C 85.7232022943 376 377
C 118.845033559 376 377
C 136.515289488 376 377
C 113.960319933 376 377
C 63.3116868222 376 377
C 34.1205720933 376 377
C 52.6403252223 395 396
C 60.9663707042 395 396
C 77.6669522632 395 396
C 103.602960302 395 396
C 115.765065083 395 396
C 88.5958217973 395 396
C 53.1299005924 395 396
C 35.9033119575 395 396
C 24.029472356 400 401
C 38.5829219787 400 401
C 99.0659295027 400 401
C 156.774976168 400 401
C 158.93394817 400 401
C 126.722314319 400 401
C 54.7950241342 400 401
C 35.1271141723 400 401
C 48.4723432771 411 412
