Ca 51.5328915847 37 38
Ca 69.9019230533 37 38
Ca 91.7897448063 37 38
Ca 103.324462868 37 38
Ca 102.492536299 37 38
Ca 87.0661738089 37 38
Ca 58.0331203537 37 38
Ca 39.0221879958 37 38
Ca 51.7413952644 43 44
Ca 75.663428078 43 44
Ca 107.951390078 43 44
Ca 138.394180129 43 44
Ca 141.423943925 43 44
Ca 106.704007373 43 44
Ca 76.9531814001 43 44
Ca 59.76970654 43 44
Ca 61.2502886743 45 46
Ca 77.2211419025 45 46
Ca 98.3404848126 45 46
Ca 118.283729487 45 46
Ca 120.429534179 45 46
Ca 100.993292658 45 46
Ca 70.1112817888 45 46
Ca 47.4761202472 45 46
Ca 58.111013176 60 61
Ca 76.7519991525 60 61
Ca 109.374810495 60 61
Ca 141.865926297 60 61
Ca 152.586037024 60 61
Ca 96.6605045946 60 61
Ca 52.9689042158 60 61
Ca 34.3404182449 60 61
Ca 56.5835358598 71 72
Ca 77.8253695662 71 72
Ca 99.7708462287 71 72
Ca 115.405574562 71 72
Ca 117.06426147 71 72
Ca 98.5187461127 71 72
Ca 69.3345175049 71 72
Ca 47.4087022424 71 72
Ca 47.7510174536 84 85
Ca 67.893731114 84 85
Ca 95.2250353417 84 85
Ca 116.331814206 84 85
Ca 119.662238995 84 85
Ca 98.274433526 84 85
Ca 58.7044505631 84 85
Ca 33.3968930128 84 85
Ca 53.6457105628 111 112
Ca 69.8593924643 111 112
Ca 85.6738229103 111 112
Ca 94.5147344677 111 112
Ca 99.602472884 111 112
Ca 97.5667011574 111 112
Ca 87.2385159696 111 112
Ca 69.9625455778 111 112
Ca 80.0560664129 121 122
Ca 92.1342040212 121 122
Ca 134.04779055 121 122
Ca 155.924920003 121 122
Ca 99.9516021176 121 122
Ca 74.2735283859 121 122
Ca 61.7374665585 121 122
Ca 52.6476029312 121 122
Ca 32.2041094565 202 203
Ca 56.6730204776 202 203
Ca 105.884832826 202 203
Ca 136.652540147 202 203
Ca 142.204168816 202 203
Ca 108.827664941 202 203
Ca 70.0589531583 202 203
Ca 51.4029951825 202 203
Ca 42.6199008564 209 210
Ca 59.8470944514 209 210
Ca 109.806844406 209 210
Ca 155.59608262 209 210
Ca 163.659208348 209 210
Ca 103.43271019 209 210
Ca 37.1960881561 209 210
Ca 20.7826399062 209 210
Ca 45.6747389223 223 224
Ca 64.7678612811 223 224
Ca 95.8166137751 223 224
Ca 125.272299422 223 224
Ca 127.692335664 223 224
Ca 105.42197671 223 224
Ca 71.8998441684 223 224
Ca 51.7778244298 223 224
Ca 76.7125686823 228 229
Ca 92.0820389634 228 229
Ca 112.874609925 228 229
Ca 129.133356899 228 229
Ca 122.89356852 228 229
Ca 90.7360969197 228 229
Ca 56.9615118006 228 229
Ca 37.5352022355 228 229
Ca 36.2026865291 231 232
Ca 55.3844472969 231 232
Ca 96.3245047012 231 232
Ca 137.331468724 231 232
Ca 142.574894029 231 232
Ca 112.457233508 231 232
Ca 70.7709363328 231 232
Ca 49.8897495302 231 232
Ca 78.6169374707 237 238
Ca 95.0411445372 237 238
Ca 118.053381075 237 238
Ca 142.595062922 237 238
Ca 135.882139543 237 238
Ca 111.870525957 237 238
Ca 91.4502728646 237 238
Ca 76.5795062245 237 238
Ca 51.187473267 250 251
Ca 70.8227021334 250 251
Ca 95.9150170079 250 251
Ca 115.333921395 250 251
Ca 121.227753897 250 251
Ca 102.451078248 250 251
Ca 69.939217515 250 251
Ca 50.2474120277 250 251
Ca 60.5042820954 265 266
Ca 76.6250985449 265 266
Ca 97.9978593938 265 266
Ca 108.192758345 265 266
Ca 105.263375613 265 266
Ca 75.6749432176 265 266
Ca 41.2883902119 265 266
Ca 24.7757445784 265 266
Ca 46.6210160058 304 305
Ca 67.7263260409 304 305
Ca 92.4757312898 304 305
Ca 108.188067132 304 305
Ca 110.796305238 304 305
Ca 96.0062480065 304 305
Ca 67.527257465 304 305
Ca 47.1100045401 304 305
Ca 47.048540409 316 317
Ca 62.6212651606 316 317
Ca 94.1270249175 316 317
Ca 122.328883668 316 317
Ca 129.86994685 316 317
Ca 99.8967297086 316 317
Ca 43.3370574179 316 317
Ca 22.3640178787 316 317
Ca 52.8077021761 327 328
Ca 73.6154802418 327 328
Ca 104.634544816 327 328
Ca 132.949308706 327 328
Ca 136.683179345 327 328
Ca 100.656185058 327 328
Ca 62.4346231615 327 328
Ca 44.1905667253 327 328
Ca 50.2362128218 347 348
Ca 72.7223371598 347 348
Ca 95.4373383529 347 348
Ca 105.508824037 347 348
Ca 105.465536542 347 348
Ca 90.5653424575 347 348
Ca 70.1151824993 347 348
Ca 55.8000276763 347 348
Ca 35.8530699885 352 353
Ca 55.1778535175 352 353
Ca 98.2281046226 352 353
Ca 136.687838033 352 353
Ca 138.733772222 352 353
Ca 112.260917409 352 353
Ca 74.3601070747 352 353
Ca 53.9496128443 352 353
Ca 55.4176249588 369 370
Ca 73.6742063753 369 370
Ca 98.2061563993 369 370
Ca 109.861527686 369 370
Ca 106.890212479 369 370
Ca 85.4740939198 369 370
Ca 58.4898792688 369 370
Ca 42.3294568001 369 370
Ca 50.9366693121 376 377
Ca 70.3404846927 376 377
Ca 97.3433987243 376 377
Ca 118.238812867 376 377
Ca 121.329741706 376 377
Ca 103.820803548 376 377
Ca 77.3788882432 376 377
Ca 55.2809900283 376 377
Ca 78.6600646779 395 396
Ca 93.268560079 395 396
Ca 109.155138139 395 396
Ca 124.809173422 395 396
Ca 124.711325112 395 396
Ca 98.3751460902 395 396
Ca 68.4522957355 395 396
Ca 50.4955824569 395 396
Ca 48.5347489986 400 401
Ca 66.7025969709 400 401
Ca 103.739863742 400 401
Ca 146.542566821 400 401
Ca 168.393116419 400 401
Ca 115.136595148 400 401
Ca 66.261183948 400 401
Ca 47.0883826078 400 401
Ca 49.4797647424 37 38
Ca 68.8644642102 37 38
Ca 92.2525160419 37 38
Ca 104.252119608 37 38
Ca 103.30174992 37 38
Ca 88.5752715004 37 38
Ca 60.6723558578 37 38
Ca 41.6274108565 37 38
Ca 52.274139077 43 44
Ca 75.9447236331 43 44
Ca 108.987167974 43 44
Ca 141.989873447 43 44
Ca 145.388040046 43 44
Ca 106.771309121 43 44
Ca 76.6467641809 43 44
Ca 59.7042594058 43 44
Ca 63.7257026167 45 46
Ca 79.5183307578 45 46
Ca 99.3276372713 45 46
Ca 116.4873724 45 46
Ca 117.741841852 45 46
Ca 99.9237787086 45 46
Ca 69.6836808476 45 46
Ca 47.0122986134 45 46
Ca 58.7652780017 60 61
Ca 77.6471860986 60 61
Ca 109.767481609 60 61
Ca 141.273430258 60 61
Ca 151.192672619 60 61
Ca 96.3412995886 60 61
Ca 53.5112115693 60 61
Ca 34.9545165463 60 61
Ca 55.367864457 71 72
Ca 77.460662291 71 72
Ca 99.6113045628 71 72
Ca 114.058028063 71 72
Ca 114.083773448 71 72
Ca 94.7636452312 71 72
Ca 66.8601289195 71 72
Ca 46.3049672627 71 72
Ca 50.1123915633 84 85
Ca 70.0331405379 84 85
Ca 96.0281889853 84 85
Ca 115.824677583 84 85
Ca 118.3111285 84 85
Ca 96.8474411327 84 85
Ca 58.2379107577 84 85
Ca 33.8489351401 84 85
Ca 53.7578278081 111 112
Ca 69.3336101369 111 112
Ca 84.4682689067 111 112
Ca 93.1298787588 111 112
Ca 97.643278367 111 112
Ca 95.4130890359 111 112
Ca 85.115749025 111 112
Ca 68.1635690613 111 112
Ca 35.9840739044 202 203
Ca 60.9084830752 202 203
Ca 108.524328737 202 203
Ca 141.703568121 202 203
Ca 146.793982853 202 203
Ca 109.970277411 202 203
Ca 73.3332810987 202 203
Ca 55.0536346336 202 203
Ca 42.6018369531 209 210
Ca 60.7820746156 209 210
Ca 110.099138099 209 210
Ca 150.506037833 209 210
Ca 158.061141749 209 210
Ca 102.221556278 209 210
Ca 37.6438880823 209 210
Ca 21.6071284857 209 210
Ca 44.4569267533 223 224
Ca 63.7906432926 223 224
Ca 97.4675446962 223 224
Ca 131.026754592 223 224
Ca 131.790115098 223 224
Ca 107.982273949 223 224
Ca 73.3081258657 223 224
Ca 52.7279756066 223 224
Ca 75.6588889836 228 229
Ca 91.3476973022 228 229
Ca 112.298101929 228 229
Ca 127.688401185 228 229
Ca 121.41077345 228 229
Ca 90.8314451027 228 229
Ca 57.6666392156 228 229
Ca 37.9139643248 228 229
Ca 36.9863776456 231 232
Ca 56.7585471357 231 232
Ca 97.5461262567 231 232
Ca 136.614997853 231 232
Ca 142.857144962 231 232
Ca 115.192885773 231 232
Ca 73.2210522534 231 232
Ca 51.2876549718 231 232
Ca 78.3039358968 237 238
Ca 95.1065379795 237 238
Ca 118.699472065 237 238
Ca 142.848515274 237 238
Ca 133.997596445 237 238
Ca 110.266419179 237 238
Ca 90.007349159 237 238
Ca 75.4802686812 237 238
Ca 52.7594945205 250 251
Ca 72.9026508321 250 251
Ca 98.2807009275 250 251
Ca 117.416128222 250 251
Ca 123.47241282 250 251
Ca 104.354526001 250 251
Ca 70.9037662134 250 251
Ca 50.800434498 250 251
Ca 60.5734650679 265 266
Ca 76.9006064453 265 266
Ca 98.5667949383 265 266
Ca 109.304925618 265 266
Ca 107.70159511 265 266
Ca 79.0465466875 265 266
Ca 42.3967956066 265 266
Ca 24.9142630849 265 266
Ca 61.7382843391 298 299
Ca 76.9555508565 298 299
Ca 90.5409166105 298 299
Ca 99.0552033053 298 299
Ca 102.569919186 298 299
Ca 96.267407478 298 299
Ca 82.9458925333 298 299
Ca 66.3492194243 298 299
Ca 48.3101079623 304 305
Ca 66.4824580514 304 305
Ca 90.3365440289 304 305
Ca 106.857627621 304 305
Ca 110.463071218 304 305
Ca 94.9151195178 304 305
Ca 66.3570718144 304 305
Ca 46.3743904767 304 305
Ca 48.3101079623 304 305
Ca 66.4824580514 304 305
Ca 90.3365440289 304 305
Ca 106.857627621 304 305
Ca 110.463071218 304 305
Ca 94.9151195178 304 305
Ca 66.3570718144 304 305
Ca 46.3743904767 304 305
Ca 47.5987644827 316 317
Ca 63.1332456949 316 317
Ca 93.5920657861 316 317
Ca 121.425589637 316 317
Ca 129.379798331 316 317
Ca 101.994185089 316 317
Ca 50.2200739969 316 317
Ca 27.005073654 316 317
Ca 52.1297086542 327 328
Ca 73.1187566214 327 328
Ca 104.671609706 327 328
Ca 133.479224861 327 328
Ca 137.372487624 327 328
Ca 100.89002078 327 328
Ca 63.1705358901 327 328
Ca 45.1085117844 327 328
Ca 51.8221317888 347 348
Ca 73.7191057691 347 348
Ca 96.1054705826 347 348
Ca 106.55890708 347 348
Ca 106.521195063 347 348
Ca 91.6972268411 347 348
Ca 71.4253248801 347 348
Ca 57.0881961071 347 348
Ca 36.558386338 352 353
Ca 56.3570712104 352 353
Ca 100.055982353 352 353
Ca 138.308894219 352 353
Ca 138.61702694 352 353
Ca 111.234298994 352 353
Ca 73.8889232093 352 353
Ca 53.8927677806 352 353
Ca 69.1208177052 368 369
Ca 88.3211720384 368 369
Ca 111.733509894 368 369
Ca 138.744634805 368 369
Ca 138.417679825 368 369
Ca 107.235209503 368 369
Ca 80.8182222818 368 369
Ca 64.6586706294 368 369
Ca 50.9512871001 376 377
Ca 71.0501674463 376 377
Ca 98.421050744 376 377
Ca 118.316715847 376 377
Ca 120.942288281 376 377
Ca 103.52340738 376 377
Ca 76.5933969148 376 377
Ca 54.5313782188 376 377
Ca 77.2368430306 395 396
Ca 91.6642421452 395 396
Ca 107.165741618 395 396
Ca 121.969667226 395 396
Ca 121.866670261 395 396
Ca 96.5043941153 395 396
Ca 67.096957227 395 396
Ca 49.5332253343 395 396
Ca 48.1837295702 400 401
Ca 65.9414776305 400 401
Ca 102.109810365 400 401
Ca 145.140435324 400 401
Ca 168.903990704 400 401
Ca 114.664258908 400 401
Ca 64.0927994827 400 401
Ca 45.4188407979 400 401
Ca 72.9430598023 411 412
Ca 91.1228687128 411 412
