Ca 41.5867308749 10 11
Ca 58.284045165 10 11
Ca 79.5590470017 10 11
Ca 97.4608858912 10 11
Ca 101.037650289 10 11
Ca 94.9148223597 10 11
Ca 83.9773629119 10 11
Ca 70.2446600172 10 11
Ca 80.9597941365 28 29
Ca 92.5153692759 28 29
Ca 102.170367332 28 29
Ca 106.790352803 28 29
Ca 104.292915908 28 29
Ca 99.5491838313 28 29
Ca 89.8644650747 28 29
Ca 76.4817598437 28 29
Ca 46.8465640016 53 54
Ca 67.1966075322 53 54
Ca 99.927871325 53 54
Ca 140.367675489 53 54
Ca 136.236725635 53 54
Ca 111.26203522 53 54
Ca 87.0257389257 53 54
Ca 71.1886127409 53 54
Ca 47.9483911752 61 62
Ca 69.7434940446 61 62
Ca 108.282726826 61 62
Ca 146.628643671 61 62
Ca 143.631528286 61 62
Ca 97.3192083586 61 62
Ca 54.4209759145 61 62
Ca 33.1539599337 61 62
Ca 50.96804335 64 65
Ca 67.8990315978 64 65
Ca 89.518449432 64 65
Ca 103.657196762 64 65
Ca 104.357938666 64 65
Ca 90.9742699067 64 65
Ca 67.4579371579 64 65
Ca 48.206276526 64 65
Ca 57.3239367891 87 88
Ca 72.9347586887 87 88
Ca 94.722337659 87 88
Ca 106.409783566 87 88
Ca 101.895430654 87 88
Ca 83.2784963208 87 88
Ca 54.0132816258 87 88
Ca 35.2477202779 87 88
Ca 48.6605311862 88 89
Ca 66.3576621636 88 89
Ca 94.4228266648 88 89
Ca 116.261094425 88 89
Ca 118.779548781 88 89
Ca 103.130915882 88 89
Ca 73.2195747749 88 89
Ca 47.7960119644 88 89
Ca 76.9931507886 109 110
Ca 91.7361082202 109 110
Ca 103.684803117 109 110
Ca 107.442647279 109 110
Ca 101.110462568 109 110
Ca 93.4982064951 109 110
Ca 80.1201607316 109 110
Ca 64.3804558871 109 110
Ca 35.6543196606 112 113
Ca 58.9006095706 112 113
Ca 98.1177214452 112 113
Ca 117.134551058 112 113
Ca 119.628696166 112 113
Ca 100.642468703 112 113
Ca 67.0942252612 112 113
Ca 44.0442491638 112 113
Ca 47.6471438641 136 137
Ca 70.6272209265 136 137
Ca 106.803884416 136 137
Ca 140.011646751 136 137
Ca 144.610835669 136 137
Ca 101.446812206 136 137
Ca 58.1787205924 136 137
Ca 37.3142480663 136 137
Ca 45.0487278838 140 141
Ca 64.9778565069 140 141
Ca 93.965846331 140 141
Ca 110.710522573 140 141
Ca 107.334074623 140 141
Ca 90.1073235681 140 141
Ca 57.0286442313 140 141
Ca 37.849343357 140 141
Ca 58.6569670841 153 154
Ca 77.3545161646 153 154
Ca 98.1665454923 153 154
Ca 113.522639766 153 154
Ca 114.698750587 153 154
Ca 97.1024504096 153 154
Ca 73.8423743085 153 154
Ca 60.4145956188 153 154
Ca 61.5549490343 158 159
Ca 77.1444789579 158 159
Ca 91.2079736293 158 159
Ca 98.3866682328 158 159
Ca 98.6946399827 158 159
Ca 97.1820888241 158 159
Ca 90.0157147581 158 159
Ca 79.5140013587 158 159
Ca 70.6345858813 170 171
Ca 86.7081460614 170 171
Ca 113.938644454 170 171
Ca 149.702020931 170 171
Ca 150.71311976 170 171
Ca 104.504932888 170 171
Ca 73.50104016 170 171
Ca 57.5917521076 170 171
Ca 49.8139830221 230 231
Ca 71.8255562309 230 231
Ca 107.353493045 230 231
Ca 155.198157334 230 231
Ca 149.992350042 230 231
Ca 112.455277121 230 231
Ca 82.0639715152 230 231
Ca 62.3222081894 230 231
Ca 75.1821057239 244 245
Ca 91.5694554232 244 245
Ca 111.421119311 244 245
Ca 131.803244775 244 245
Ca 127.838546717 244 245
Ca 99.7509333357 244 245
Ca 70.5750362377 244 245
Ca 53.9535756871 244 245
Ca 37.0941780639 255 256
Ca 59.0263606661 255 256
Ca 101.904321831 255 256
Ca 138.493768167 255 256
Ca 142.952867047 255 256
Ca 108.846914916 255 256
Ca 68.567926401 255 256
Ca 50.028500963 255 256
Ca 77.7449233842 269 270
Ca 93.0017785691 269 270
Ca 111.323769535 269 270
Ca 129.148594978 269 270
Ca 128.021295876 269 270
Ca 104.963762442 269 270
Ca 78.7815481337 269 270
Ca 61.9627042611 269 270
Ca 37.1127385233 282 283
Ca 52.9126747481 282 283
Ca 82.6456574391 282 283
Ca 103.531419538 282 283
Ca 103.513005442 282 283
Ca 95.7806435668 282 283
Ca 81.732529362 282 283
Ca 70.8701238652 282 283
Ca 80.5420958887 293 294
Ca 93.928335582 293 294
Ca 103.948981914 293 294
Ca 109.764818658 293 294
Ca 107.138943214 293 294
Ca 100.193900317 293 294
Ca 89.4777376376 293 294
Ca 76.7478155511 293 294
Ca 49.4848596788 340 341
Ca 71.1210591573 340 341
Ca 91.2641648043 340 341
Ca 100.191722256 340 341
Ca 104.048650259 340 341
Ca 100.578405798 340 341
Ca 90.9124086736 340 341
Ca 77.2133381066 340 341
Ca 47.3652201816 357 358
Ca 70.8482155037 357 358
Ca 111.01099895 357 358
Ca 164.596074539 357 358
Ca 153.175324525 357 358
Ca 108.860910391 357 358
Ca 77.6268646514 357 358
Ca 59.2163873393 357 358
Ca 48.0462913335 359 360
Ca 68.5444141532 359 360
Ca 101.813869276 359 360
Ca 137.42918102 359 360
Ca 134.205487063 359 360
Ca 109.317640035 359 360
Ca 84.4975006195 359 360
Ca 68.5669924964 359 360
Ca 35.7194214528 376 377
Ca 61.9266178707 376 377
Ca 96.3473816158 376 377
Ca 113.187894851 376 377
Ca 111.419073455 376 377
Ca 90.5861728192 376 377
Ca 56.7050063538 376 377
Ca 34.4474844913 376 377
Ca 54.6849269078 386 387
Ca 72.451782008 386 387
Ca 95.8524923688 386 387
Ca 116.079398351 386 387
Ca 114.586994522 386 387
Ca 103.840793904 386 387
Ca 87.5365947999 386 387
Ca 75.4966254241 386 387
Ca 43.1648946677 411 412
Ca 61.5419229052 411 412
Ca 99.1115826037 411 412
Ca 122.090716745 411 412
Ca 118.867597302 411 412
Ca 87.3063989595 411 412
Ca 43.5590333334 411 412
Ca 24.9583632004 411 412
Ca 62.0538290569 416 417
Ca 77.1568844423 416 417
Ca 93.5326885303 416 417
Ca 105.608484179 416 417
Ca 106.363566055 416 417
Ca 95.8440175429 416 417
Ca 79.4750651859 416 417
Ca 60.5655030187 416 417
Ca 74.1612676086 425 426
Ca 88.3785129169 425 426
Ca 100.735804266 425 426
Ca 106.308389081 425 426
Ca 104.43155373 425 426
Ca 98.1219688307 425 426
Ca 84.6098099377 425 426
Ca 67.3864443041 425 426
Ca 64.6689130469 435 436
Ca 85.6398931542 435 436
Ca 115.640852146 435 436
Ca 153.550790893 435 436
Ca 156.271146607 435 436
Ca 109.230635932 435 436
Ca 72.1251125285 435 436
Ca 53.1421463507 435 436
Ca 60.7695582409 462 463
Ca 76.1984140654 462 463
Ca 101.519805249 462 463
Ca 119.074547278 462 463
Ca 118.235158512 462 463
Ca 89.1529381476 462 463
Ca 54.866115031 462 463
Ca 35.9392636322 462 463
Ca 40.6075504604 463 464
Ca 56.2012821806 463 464
Ca 90.2285517157 463 464
Ca 118.227593815 463 464
Ca 123.311169599 463 464
Ca 103.111333224 463 464
Ca 65.2807065231 463 464
Ca 41.516631825 463 464
Ca 58.443516483 475 476
Ca 75.165440697 475 476
Ca 94.1067532503 475 476
Ca 107.111440999 475 476
Ca 111.036502715 475 476
Ca 97.619425928 475 476
Ca 67.8170224859 475 476
Ca 44.6107614564 475 476
Ca 47.4610912836 492 493
Ca 66.2059352996 492 493
Ca 99.4924808897 492 493
Ca 142.578135406 492 493
Ca 134.848413665 492 493
Ca 109.362785718 492 493
Ca 85.5669925006 492 493
Ca 70.9987636691 492 493
Ca 55.4520302695 497 498
Ca 72.2653498675 497 498
Ca 101.998692123 497 498
Ca 127.412465096 497 498
Ca 132.817046463 497 498
Ca 98.0971841022 497 498
Ca 62.1711501499 497 498
Ca 43.6512972623 497 498
Ca 45.2776971724 501 502
Ca 66.1271984398 501 502
Ca 99.7764157956 501 502
Ca 139.726757062 501 502
Ca 133.263033251 501 502
Ca 111.439157052 501 502
Ca 89.5670118375 501 502
Ca 74.4153344758 501 502
Ca 79.3512929299 521 522
Ca 92.2863625632 521 522
Ca 108.951761056 521 522
Ca 118.271988918 521 522
Ca 111.000724449 521 522
Ca 89.0069589854 521 522
Ca 54.7094863123 521 522
Ca 32.742961543 521 522
Ca 31.8375930653 8 9
Ca 52.4996101904 8 9
Ca 101.986156466 8 9
Ca 145.491452076 8 9
Ca 162.848515714 8 9
Ca 100.930134854 8 9
Ca 53.7491506469 8 9
Ca 39.1431223716 8 9
Ca 79.5017204055 30 31
Ca 92.9682012287 30 31
Ca 102.512629319 30 31
Ca 106.090699855 30 31
Ca 103.793963604 30 31
Ca 91.5289930799 30 31
Ca 75.0467234678 30 31
Ca 58.8559730298 30 31
Ca 49.894640736 52 53
Ca 68.2807976144 52 53
Ca 95.6325063483 52 53
Ca 113.983287827 52 53
Ca 111.594045543 52 53
Ca 91.2300406269 52 53
Ca 54.652872322 52 53
Ca 34.3014349977 52 53
Ca 47.7050443945 61 62
Ca 69.8498059442 61 62
Ca 109.374219187 61 62
Ca 148.641133753 61 62
Ca 144.829056683 61 62
Ca 98.5747305675 61 62
Ca 55.0638851638 61 62
Ca 33.4170203859 61 62
Ca 49.8567978894 64 65
Ca 67.0477562714 64 65
Ca 88.9872250928 64 65
Ca 103.309932106 64 65
Ca 104.238102366 64 65
Ca 91.1951637514 64 65
Ca 67.7860289602 64 65
Ca 48.8361710633 64 65
Ca 59.2894667507 87 88
Ca 74.4309558215 87 88
Ca 95.2205826069 87 88
Ca 105.899437807 87 88
Ca 100.79804942 87 88
Ca 81.2549441424 87 88
Ca 51.7641715548 87 88
Ca 32.9493702013 87 88
Ca 49.5288566462 88 89
Ca 67.4337493872 88 89
Ca 96.8447283381 88 89
Ca 119.103090546 88 89
Ca 120.932634056 88 89
Ca 103.04962249 88 89
Ca 71.4966364402 88 89
Ca 46.4717716214 88 89
Ca 76.6783099502 109 110
Ca 91.1250190398 109 110
Ca 102.779553037 109 110
Ca 106.245180031 109 110
Ca 100.181673565 109 110
Ca 93.1336970683 109 110
Ca 80.4120130156 109 110
Ca 65.1179338504 109 110
Ca 35.6462143473 112 113
Ca 58.990190113 112 113
Ca 98.819065619 112 113
Ca 118.789086556 112 113
Ca 121.209332796 112 113
Ca 100.913897738 112 113
Ca 66.7988096824 112 113
Ca 43.985685991 112 113
Ca 48.0715300565 136 137
Ca 70.4163568487 136 137
Ca 106.559829861 136 137
Ca 140.229367738 136 137
Ca 145.166081926 136 137
Ca 100.233393173 136 137
Ca 56.4072418643 136 137
Ca 7.15439194885 136 137
Ca 1.23022498932 140 141
Ca 1.5371146151 140 141
Ca 2.05973384466 140 141
Ca 3.13370296433 140 141
Ca 6.72205183391 140 141
Ca 89.8639217589 140 141
Ca 57.0329887105 140 141
Ca 38.0278064622 140 141
Ca 57.7767100507 153 154
Ca 76.454192883 153 154
Ca 97.6758389384 153 154
Ca 113.336378455 153 154
Ca 114.602967975 153 154
Ca 96.968968803 153 154
Ca 73.281568684 153 154
Ca 59.6941991537 153 154
Ca 61.1099904296 158 159
Ca 76.6897527684 158 159
Ca 90.8521635949 158 159
Ca 98.2160461859 158 159
Ca 98.979683785 158 159
Ca 97.629809491 158 159
Ca 90.2667542618 158 159
Ca 80.2123953912 158 159
Ca 71.214857785 170 171
Ca 87.2979623936 170 171
Ca 114.251598559 170 171
Ca 149.465967802 170 171
Ca 150.21885896 170 171
Ca 104.806879344 170 171
Ca 74.2519224806 170 171
Ca 58.4010165871 170 171
Ca 176.342197044 230 231
Ca 177.704417714 230 231
Ca 178.613182016 230 231
Ca 179.236110961 230 231
Ca 179.29127315 230 231
Ca 178.729893018 230 231
Ca 177.582926683 230 231
Ca 174.836082981 230 231
Ca 74.100102897 244 245
Ca 90.5591517309 244 245
Ca 110.65398648 244 245
Ca 131.257882136 244 245
Ca 127.538419667 244 245
Ca 99.7276222872 244 245
Ca 70.7032044923 244 245
Ca 54.1330760773 244 245
Ca 38.8994132511 255 256
Ca 61.1065926227 255 256
Ca 103.093394993 255 256
Ca 139.637987542 255 256
Ca 144.828581535 255 256
Ca 108.888323485 255 256
Ca 68.8577790048 255 256
Ca 50.496973938 255 256
Ca 77.0469079601 269 270
Ca 92.3653967178 269 270
Ca 110.572849918 269 270
Ca 128.1044658 269 270
Ca 127.019662417 269 270
Ca 104.015894824 269 270
Ca 77.381304743 269 270
Ca 60.4388620617 269 270
Ca 77.1147023661 284 285
Ca 10.7506105908 284 285
Ca 10.9699826843 284 285
Ca 5.73383280145 284 285
Ca 3.87207480301 284 285
Ca 2.92163746246 284 285
Ca 2.33917696843 284 285
Ca 1.94860905312 284 285
Ca 79.7485028679 295 296
Ca 92.1542145819 295 296
Ca 101.169712298 295 296
Ca 105.708838449 295 296
Ca 104.576067106 295 296
Ca 101.9541114 295 296
Ca 94.3670564757 295 296
Ca 82.213000128 295 296
Ca 32.4444328763 338 339
Ca 52.5831828968 338 339
Ca 84.092108849 338 339
Ca 101.845920422 338 339
Ca 104.37823546 338 339
Ca 95.3618456848 338 339
Ca 68.9634877689 338 339
Ca 44.3882147811 338 339
Ca 178.204230521 357 358
Ca 178.875526299 357 358
Ca 179.472041736 357 358
Ca 179.947660346 357 358
Ca 179.50327761 357 358
Ca 178.719753847 357 358
Ca 177.568113018 357 358
Ca 175.528075732 357 358
Ca 4.01493524722 359 360
Ca 6.09706188155 359 360
Ca 12.526943737 359 360
Ca 136.244052777 359 360
Ca 133.267837342 359 360
Ca 109.471959676 359 360
Ca 85.2830017317 359 360
Ca 69.7422005545 359 360
Ca 31.52970549 376 377
Ca 56.595640477 376 377
Ca 93.7390517929 376 377
Ca 110.701266336 376 377
Ca 108.95286672 376 377
Ca 88.3687214792 376 377
Ca 54.9971674426 376 377
Ca 33.4146027526 376 377
Ca 55.0480894783 386 387
Ca 72.9321665659 386 387
Ca 96.3905691395 386 387
Ca 116.391777149 386 387
Ca 114.666323771 386 387
Ca 103.806250012 386 387
Ca 87.4227190554 386 387
Ca 75.36665072 386 387
Ca 42.2895613613 411 412
Ca 60.4803637564 411 412
Ca 99.8658155162 411 412
Ca 123.279723167 411 412
Ca 119.784590087 411 412
Ca 88.2378410906 411 412
Ca 44.620198212 411 412
Ca 25.9278117268 411 412
Ca 73.8416197871 417 418
Ca 90.162461451 417 418
Ca 108.603470638 417 418
Ca 125.555572929 417 418
Ca 132.105787672 417 418
Ca 113.589348707 417 418
Ca 90.9365003391 417 418
Ca 74.1081316057 417 418
Ca 74.8890188125 425 426
Ca 88.5896256304 425 426
Ca 100.347535631 425 426
Ca 105.721375476 425 426
Ca 103.71714682 425 426
Ca 97.360523218 425 426
Ca 83.8663019574 425 426
Ca 66.7050800038 425 426
Ca 65.3241629185 435 436
Ca 86.3207825257 435 436
Ca 116.046705762 435 436
Ca 153.209173052 435 436
Ca 155.734264697 435 436
Ca 108.639132887 435 436
Ca 71.3108092074 435 436
Ca 52.4151727982 435 436
Ca 61.4103054776 462 463
Ca 76.6232363169 462 463
Ca 101.300598488 462 463
Ca 117.937709733 462 463
Ca 116.710915835 462 463
Ca 88.0281622178 462 463
Ca 54.235384995 462 463
Ca 35.6148557205 462 463
Ca 40.9389491364 463 464
Ca 56.4267927748 463 464
Ca 90.1929571271 463 464
Ca 117.892424177 463 464
Ca 122.926780398 463 464
Ca 102.861790652 463 464
Ca 64.2197752661 463 464
Ca 40.3301644626 463 464
Ca 58.5112823346 475 476
Ca 75.026523877 475 476
Ca 93.7109021502 475 476
Ca 106.220708379 475 476
Ca 109.780816754 475 476
Ca 96.4552574423 475 476
Ca 66.7993553871 475 476
Ca 43.7801549132 475 476
Ca 47.6298730019 492 493
Ca 66.4391650334 492 493
Ca 99.6379540168 492 493
Ca 143.028070497 492 493
Ca 135.458116304 492 493
Ca 109.330187743 492 493
Ca 85.282724095 492 493
Ca 70.7272398006 492 493
Ca 55.6660047738 497 498
Ca 72.6764131276 497 498
Ca 103.009614923 497 498
Ca 129.46470878 497 498
Ca 134.795056329 497 498
Ca 99.0070588826 497 498
Ca 63.0575874743 497 498
Ca 44.3802237739 497 498
Ca 44.293120652 501 502
Ca 65.0495302718 501 502
Ca 99.1689100411 501 502
Ca 139.369318073 501 502
Ca 132.668490413 501 502
Ca 111.285013955 501 502
Ca 89.5742920411 501 502
Ca 74.3854926118 501 502
Ca 79.069524118 521 522
Ca 91.7600761761 521 522
Ca 108.63735175 521 522
Ca 118.382051975 521 522
Ca 111.138562072 521 522
Ca 90.1173125859 521 522
Ca 56.8559705671 521 522
Ca 34.7552403565 521 522
Ca 42.2300004986 10 11
Ca 58.8562079211 10 11
Ca 79.5519610514 10 11
Ca 96.5479235818 10 11
Ca 99.7907054422 10 11
Ca 93.744247533 10 11
Ca 82.8864038213 10 11
Ca 69.3175360258 10 11
Ca 81.473681001 28 29
Ca 92.9005507092 28 29
Ca 102.21498221 28 29
Ca 106.352199689 28 29
Ca 103.747631165 28 29
Ca 99.5386172534 28 29
Ca 90.2644032012 28 29
Ca 76.873942349 28 29
Ca 49.4589824368 52 53
Ca 67.9240138254 52 53
Ca 95.9562772531 52 53
Ca 115.340072857 52 53
Ca 112.804031061 52 53
Ca 91.4029308596 52 53
Ca 53.9021668176 52 53
Ca 34.1443999599 52 53
Ca 47.1296104861 61 62
Ca 69.7097548768 61 62
Ca 109.587346576 61 62
Ca 146.864209966 61 62
Ca 142.827735693 61 62
Ca 96.9225706875 61 62
Ca 53.6320794234 61 62
Ca 32.7147867464 61 62
Ca 48.6272958505 64 65
Ca 65.6402947483 64 65
Ca 87.7401487421 64 65
Ca 102.459158166 64 65
Ca 103.800883687 64 65
Ca 91.6064864906 64 65
Ca 68.8708649534 64 65
Ca 49.8754079275 64 65
Ca 58.3117663706 87 88
Ca 73.5169906111 87 88
Ca 94.7793495311 87 88
Ca 106.023734673 87 88
Ca 100.932571204 87 88
Ca 81.2437883707 87 88
Ca 50.712632745 87 88
Ca 31.7535214599 87 88
Ca 48.838637304 88 89
Ca 66.8568285462 88 89
Ca 96.5155446999 88 89
Ca 120.118860282 88 89
Ca 122.126197786 88 89
Ca 103.904625019 88 89
Ca 72.2488712197 88 89
Ca 46.9792150853 88 89
Ca 77.2448354977 109 110
Ca 91.7389372073 109 110
Ca 103.240326738 109 110
Ca 106.807964518 109 110
Ca 100.579720751 109 110
Ca 93.0871556665 109 110
Ca 79.7967920036 109 110
Ca 64.3228334307 109 110
Ca 36.8993653884 112 113
Ca 59.6434604493 112 113
Ca 97.8088573373 112 113
Ca 117.643488676 112 113
Ca 120.580576364 112 113
Ca 101.705762924 112 113
Ca 68.3616106667 112 113
Ca 45.0678663758 112 113
Ca 47.7593498499 136 137
Ca 70.5064077779 136 137
Ca 105.923726734 136 137
Ca 139.259170701 136 137
Ca 143.679282098 136 137
Ca 102.42825826 136 137
Ca 61.0989938655 136 137
Ca 39.6265363767 136 137
Ca 43.9576869387 140 141
Ca 63.944155989 140 141
Ca 93.5666168026 140 141
Ca 110.859231836 140 141
Ca 107.563354865 140 141
Ca 90.2233431308 140 141
Ca 56.516422578 140 141
Ca 37.3332626284 140 141
Ca 58.4084048406 153 154
Ca 76.805077313 153 154
Ca 97.1686163684 153 154
Ca 112.083760217 153 154
Ca 113.674472513 153 154
Ca 97.1339186763 153 154
Ca 74.2387785414 153 154
Ca 60.7336827292 153 154
Ca 61.6195144303 158 159
Ca 77.2302498548 158 159
Ca 91.2050892792 158 159
Ca 98.3155746339 158 159
Ca 98.8645166851 158 159
Ca 97.6673427645 158 159
Ca 90.807976045 158 159
Ca 80.7305364388 158 159
Ca 72.0338971864 170 171
Ca 88.1090578624 170 171
Ca 115.000689817 170 171
Ca 150.507121667 170 171
Ca 150.680365181 170 171
Ca 104.752041531 170 171
Ca 74.1227821785 170 171
Ca 58.3051905972 170 171
Ca 50.1548976737 230 231
Ca 72.0498538458 230 231
Ca 107.179227746 230 231
Ca 154.974953662 230 231
Ca 150.148193379 230 231
Ca 112.403081262 230 231
Ca 81.9582198492 230 231
Ca 62.1416498639 230 231
Ca 74.2328460234 244 245
Ca 90.6589716281 244 245
Ca 110.505569477 244 245
Ca 130.633083187 244 245
Ca 126.992947054 244 245
Ca 99.5610136971 244 245
Ca 70.6291685873 244 245
Ca 54.0601126055 244 245
Ca 36.300298616 255 256
Ca 58.1922013666 255 256
Ca 101.883998802 255 256
Ca 138.969439798 255 256
Ca 143.249466641 255 256
Ca 109.159931099 255 256
Ca 68.5947984802 255 256
Ca 49.8255614343 255 256
Ca 77.4558439844 269 270
Ca 92.8062419941 269 270
Ca 111.036480706 269 270
Ca 128.792802789 269 270
Ca 127.737341033 269 270
Ca 104.936177757 269 270
Ca 78.9182430019 269 270
Ca 62.2213749427 269 270
Ca 77.2354982185 284 285
Ca 87.4938747756 284 285
Ca 98.3162318308 284 285
Ca 103.177782422 284 285
Ca 105.977779576 284 285
Ca 100.054875452 284 285
Ca 89.0012327365 284 285
Ca 75.7940115652 284 285
Ca 80.0634570519 295 296
Ca 92.4327118046 295 296
Ca 101.305676076 295 296
Ca 105.571437965 295 296
Ca 104.475555126 295 296
Ca 102.043662062 295 296
Ca 94.6283043163 295 296
Ca 82.5973778448 295 296
Ca 32.0855667971 338 339
Ca 52.8493613284 338 339
Ca 85.3242046484 338 339
Ca 103.10570002 338 339
Ca 105.359371006 338 339
Ca 95.5621150788 338 339
Ca 68.3858091296 338 339
Ca 43.7460303207 338 339
Ca 47.4167625676 357 358
Ca 70.7617387731 357 358
Ca 110.695871955 357 358
Ca 164.302889798 357 358
Ca 153.329208361 357 358
Ca 109.060149386 357 358
Ca 77.9564554574 357 358
Ca 59.5505065068 357 358
Ca 48.6064489092 359 360
Ca 69.1314868924 359 360
Ca 102.408008583 359 360
Ca 138.241605687 359 360
Ca 134.926528408 359 360
Ca 109.750637004 359 360
Ca 84.8393557873 359 360
Ca 68.9091122852 359 360
Ca 36.8260858228 376 377
Ca 63.2715982956 376 377
Ca 97.6114062165 376 377
Ca 114.363991527 376 377
Ca 112.673895753 376 377
Ca 91.6402827207 376 377
Ca 56.897116975 376 377
Ca 34.3562123324 376 377
Ca 54.6638153524 386 387
Ca 72.4535535542 386 387
Ca 96.184436694 386 387
Ca 117.031470352 386 387
Ca 115.349746825 386 387
Ca 104.108057386 386 387
Ca 87.4307687951 386 387
Ca 75.2065036612 386 387
Ca 40.258502905 411 412
Ca 58.4738468723 411 412
Ca 100.153907282 411 412
Ca 125.062886256 411 412
Ca 121.780619207 411 412
Ca 88.1077294566 411 412
Ca 41.3981571297 411 412
Ca 23.4428784928 411 412
Ca 61.9971334223 416 417
Ca 77.0212366714 416 417
Ca 93.4010298985 416 417
Ca 105.378626597 416 417
Ca 106.260263938 416 417
Ca 95.8767487035 416 417
Ca 79.6627299914 416 417
Ca 60.8431778365 416 417
Ca 73.6810897584 425 426
Ca 87.7111660742 425 426
Ca 99.8379533932 425 426
Ca 105.453605566 425 426
Ca 103.554111336 425 426
Ca 97.3578945048 425 426
Ca 83.9452001446 425 426
Ca 66.7339820132 425 426
Ca 64.2624331859 435 436
Ca 85.4653635407 435 436
Ca 115.755876467 435 436
Ca 153.855993331 435 436
Ca 156.05068753 435 436
Ca 109.367376687 435 436
Ca 72.6951436862 435 436
Ca 53.8659484867 435 436
Ca 79.1551363541 460 461
Ca 91.9598705875 460 461
Ca 101.920370539 460 461
Ca 106.22112656 460 461
Ca 99.9861471002 460 461
Ca 91.1040446862 460 461
Ca 76.7295644769 460 461
Ca 63.1877367899 460 461
Ca 41.7758562273 463 464
Ca 57.1772471698 463 464
Ca 90.1394909479 463 464
Ca 117.291374215 463 464
Ca 122.399012037 463 464
Ca 102.320666187 463 464
Ca 63.7455718793 463 464
Ca 39.9692688886 463 464
Ca 57.7392575071 475 476
Ca 74.3061825388 475 476
Ca 93.1704685973 475 476
Ca 106.132067447 475 476
Ca 110.236230146 475 476
Ca 97.735344288 475 476
Ca 69.0325083514 475 476
Ca 46.1656806147 475 476
Ca 48.4196790318 492 493
Ca 67.1536038089 492 493
Ca 100.303764428 492 493
Ca 144.922377552 492 493
Ca 137.460910827 492 493
Ca 109.966283845 492 493
Ca 85.201538784 492 493
Ca 70.431522876 492 493
Ca 56.1519290846 497 498
Ca 73.2834846302 497 498
Ca 103.038066473 497 498
Ca 128.06873156 497 498
Ca 133.520756375 497 498
Ca 97.9362872291 497 498
Ca 62.0214328493 497 498
Ca 43.6817324116 497 498
Ca 45.285914218 501 502
Ca 66.1303478942 501 502
Ca 99.4838159884 501 502
Ca 137.797251635 501 502
Ca 131.22537735 501 502
Ca 110.407315243 501 502
Ca 88.998239463 501 502
Ca 73.7842490236 501 502
Ca 79.2642531455 521 522
Ca 92.7490637775 521 522
Ca 110.490890357 521 522
Ca 120.952900338 521 522
Ca 113.60237467 521 522
Ca 90.6131714633 521 522
Ca 55.9940770107 521 522
Ca 33.8886852089 521 522
Ca 31.207326947 8 9
Ca 51.6900771867 8 9
Ca 102.161298802 8 9
Ca 147.03554275 8 9
Ca 164.318416041 8 9
Ca 101.353998086 8 9
Ca 53.9908955447 8 9
Ca 39.2553260698 8 9
Ca 82.0096631073 28 29
Ca 93.5070011826 28 29
Ca 102.561558023 28 29
Ca 106.387119418 28 29
Ca 103.89326117 28 29
Ca 99.714051602 28 29
Ca 90.4537595907 28 29
Ca 77.1523121989 28 29
Ca 49.082437595 52 53
Ca 67.5909319917 52 53
Ca 95.413337254 52 53
Ca 113.722675737 52 53
Ca 111.207146101 52 53
Ca 91.3574439271 52 53
Ca 54.8906940515 52 53
Ca 34.8540377885 52 53
Ca 47.7066742824 61 62
Ca 69.9071907004 61 62
Ca 109.465579104 61 62
Ca 149.014948185 61 62
Ca 145.862222568 61 62
Ca 98.1567552186 61 62
Ca 53.8506141109 61 62
Ca 32.5594722695 61 62
Ca 48.8556843665 64 65
Ca 66.1920339714 64 65
Ca 88.8380790298 64 65
Ca 103.90029337 64 65
Ca 104.919944601 64 65
Ca 91.5603253425 64 65
Ca 67.7894572324 64 65
Ca 48.8285586808 64 65
Ca 58.5727984227 87 88
Ca 73.862914417 87 88
Ca 95.0028408602 87 88
Ca 106.137353314 87 88
Ca 100.999432748 87 88
Ca 81.2865248611 87 88
Ca 52.5180453336 87 88
Ca 34.0614090731 87 88
Ca 49.1471718892 88 89
Ca 66.8483156677 88 89
Ca 95.8337169909 88 89
Ca 117.357931762 88 89
Ca 119.800688332 88 89
Ca 102.232500892 88 89
Ca 69.3570819154 88 89
Ca 43.659213908 88 89
Ca 77.5177751837 109 110
Ca 91.808945339 109 110
Ca 103.596531398 109 110
Ca 107.376091059 109 110
Ca 101.268758559 109 110
Ca 94.2117550333 109 110
Ca 81.6090917136 109 110
Ca 66.3670623901 109 110
Ca 35.1365348819 112 113
Ca 58.2057234713 112 113
Ca 98.3410671429 112 113
Ca 118.601731545 112 113
Ca 121.071003378 112 113
Ca 101.548456621 112 113
Ca 67.36014752 112 113
Ca 43.9146155262 112 113
Ca 48.7132286235 136 137
Ca 70.9510876973 136 137
Ca 105.428160418 136 137
Ca 138.236502246 136 137
Ca 142.153918888 136 137
Ca 102.268423686 136 137
Ca 62.7582488048 136 137
Ca 41.666346822 136 137
Ca 45.2221849976 140 141
Ca 65.4656919085 140 141
Ca 94.6335252065 140 141
Ca 111.386694044 140 141
Ca 107.477764423 140 141
Ca 88.5740228254 140 141
Ca 53.946566654 140 141
Ca 35.9723294368 140 141
Ca 59.5367326634 153 154
Ca 78.2357277059 153 154
Ca 99.1386043265 153 154
Ca 114.908078689 153 154
Ca 116.13402647 153 154
Ca 97.7751259922 153 154
Ca 74.205023214 153 154
Ca 60.7534679865 153 154
Ca 61.4846802801 158 159
Ca 77.2014894727 158 159
Ca 91.1649000214 158 159
Ca 98.1704571515 158 159
Ca 98.2990292112 158 159
Ca 96.8051619964 158 159
Ca 89.7482046014 158 159
Ca 79.1807180148 158 159
Ca 70.2579500535 170 171
Ca 86.3739408375 170 171
Ca 113.536284654 170 171
Ca 148.557462673 170 171
Ca 149.440067415 170 171
Ca 104.415442029 170 171
Ca 73.5807428362 170 171
Ca 57.7169560868 170 171
Ca 49.9184593307 230 231
Ca 71.9338730572 230 231
Ca 107.486029249 230 231
Ca 155.794588086 230 231
Ca 150.50541871 230 231
Ca 112.689779275 230 231
Ca 82.3693449652 230 231
Ca 62.6212477895 230 231
Ca 73.0459868724 244 245
Ca 89.6845751435 244 245
Ca 109.639294582 244 245
Ca 129.556376248 244 245
Ca 125.986094939 244 245
Ca 99.2787594261 244 245
Ca 70.6662253364 244 245
Ca 54.1583687917 244 245
Ca 36.6055011781 255 256
Ca 58.5647279012 255 256
Ca 102.355659944 255 256
Ca 140.027570256 255 256
Ca 144.650276028 255 256
Ca 109.122469232 255 256
Ca 68.3049324956 255 256
Ca 49.7321333341 255 256
Ca 77.5986995619 269 270
Ca 92.9503428113 269 270
Ca 111.006815032 269 270
Ca 128.599980816 269 270
Ca 127.556360393 269 270
Ca 104.890846082 269 270
Ca 79.1113296833 269 270
Ca 62.5758695205 269 270
Ca 77.2040681328 284 285
Ca 87.5329338562 284 285
Ca 98.5023418528 284 285
Ca 103.543185032 284 285
Ca 106.247596136 284 285
Ca 99.8721992568 284 285
Ca 88.4092152111 284 285
Ca 75.017283848 284 285
Ca 79.9246509938 295 296
Ca 92.2764144568 295 296
Ca 101.195405778 295 296
Ca 105.547563137 295 296
Ca 104.381007403 295 296
Ca 101.934123716 295 296
Ca 94.5106856539 295 296
Ca 82.3836805567 295 296
Ca 32.4399211163 338 339
Ca 52.9000519235 338 339
Ca 84.4127812451 338 339
Ca 101.795005158 338 339
Ca 104.245062235 338 339
Ca 95.3502045945 338 339
Ca 69.2404191961 338 339
Ca 44.7805191798 338 339
Ca 77.3861307825 356 357
Ca 91.031932554 356 357
Ca 111.155114583 356 357
Ca 128.144609076 356 357
Ca 123.106306077 356 357
Ca 97.6305759209 356 357
Ca 59.0267908037 356 357
Ca 35.5235306231 356 357
Ca 49.1201560427 359 360
Ca 69.8328708159 359 360
Ca 103.193241979 359 360
Ca 138.915310859 359 360
Ca 135.47453076 359 360
Ca 110.04257055 359 360
Ca 85.1462300641 359 360
Ca 69.2396674 359 360
Ca 35.8896841034 376 377
Ca 62.9349729019 376 377
Ca 97.7774441578 376 377
Ca 114.866216564 376 377
Ca 113.527806599 376 377
Ca 91.83659851 376 377
Ca 55.7300618807 376 377
Ca 33.1851353338 376 377
Ca 54.5439598948 386 387
Ca 72.4296178056 386 387
Ca 96.1733578095 386 387
Ca 116.394546263 386 387
Ca 114.756128618 386 387
Ca 103.91985021 386 387
Ca 87.6037984372 386 387
Ca 75.6036079618 386 387
Ca 42.4064026764 411 412
Ca 61.0785522756 411 412
Ca 100.032215637 411 412
Ca 122.879821953 411 412
Ca 119.560232414 411 412
Ca 87.5557114272 411 412
Ca 42.9238789887 411 412
Ca 24.532580644 411 412
Ca 61.8023380355 416 417
Ca 76.9448710156 416 417
Ca 93.2480156168 416 417
Ca 105.21638067 416 417
Ca 105.976057246 416 417
Ca 95.4380653672 416 417
Ca 79.0655619732 416 417
Ca 60.3119117796 416 417
Ca 74.8561465282 425 426
Ca 88.7654740678 425 426
Ca 100.308763405 425 426
Ca 105.215686561 425 426
Ca 103.34883394 425 426
Ca 97.3517840585 425 426
Ca 83.9686020485 425 426
Ca 66.614251602 425 426
Ca 64.6095773502 435 436
Ca 85.6148400786 435 436
Ca 115.633176446 435 436
Ca 153.569007669 435 436
Ca 156.293833907 435 436
Ca 108.858454311 435 436
Ca 71.4596250043 435 436
Ca 52.5097011633 435 436
Ca 77.021721146 451 452
Ca 92.4904784023 451 452
Ca 103.929391237 451 452
Ca 108.937273523 451 452
Ca 106.163348043 451 452
Ca 97.3128620911 451 452
Ca 83.7165016256 451 452
Ca 69.5574259387 451 452
Ca 78.6061073293 450 451
Ca 92.0914625657 450 451
Ca 102.112467222 450 451
Ca 105.884589763 450 451
Ca 103.23315516 450 451
Ca 96.7358946151 450 451
Ca 83.7810829228 450 451
Ca 68.0521822368 450 451
Ca 78.6082723715 460 461
Ca 91.2725679674 460 461
Ca 101.037257899 460 461
Ca 105.12478543 460 461
Ca 99.2075555663 460 461
Ca 90.5778087597 460 461
Ca 76.6939226773 460 461
Ca 63.7121912942 460 461
Ca 41.304440542 463 464
Ca 56.2672798746 463 464
Ca 89.9081887945 463 464
Ca 118.57812538 463 464
Ca 123.216738178 463 464
Ca 101.863680932 463 464
Ca 63.1457936657 463 464
Ca 40.0862252056 463 464
Ca 58.066922046 475 476
Ca 74.7726768452 475 476
Ca 93.9498676881 475 476
Ca 106.981576938 475 476
Ca 110.513495502 475 476
Ca 96.7045503223 475 476
Ca 66.476138641 475 476
Ca 43.3888750017 475 476
Ca 48.7906461525 492 493
Ca 67.6109925578 492 493
Ca 101.208680856 492 493
Ca 145.195983803 492 493
Ca 137.899400319 492 493
Ca 111.618458508 492 493
Ca 87.8993844254 492 493
Ca 72.8259796476 492 493
Ca 57.570629714 497 498
Ca 74.9173492109 497 498
Ca 105.225278332 497 498
Ca 131.23273929 497 498
Ca 136.679149205 497 498
Ca 99.6580028432 497 498
Ca 64.1086414618 497 498
Ca 45.4685652289 497 498
Ca 45.3085823114 501 502
Ca 66.0894498998 501 502
Ca 99.1856207922 501 502
Ca 137.472985897 501 502
Ca 131.047826137 501 502
Ca 110.306748522 501 502
Ca 88.871501089 501 502
Ca 73.6628824598 501 502
Ca 79.1772849803 521 522
Ca 92.3368274485 521 522
Ca 109.341815772 521 522
Ca 119.112016447 521 522
Ca 111.665019268 521 522
Ca 89.1561693494 521 522
Ca 54.6026939403 521 522
Ca 32.5168861692 521 522
Ca 31.4164597559 8 9
Ca 52.2359699966 8 9
Ca 102.785621426 8 9
Ca 146.19232703 8 9
Ca 164.242437535 8 9
Ca 100.973616585 8 9
Ca 53.6481666154 8 9
Ca 39.0015788618 8 9
Ca 82.2630882818 28 29
Ca 93.6977488515 28 29
Ca 102.805006986 28 29
Ca 106.571900995 28 29
Ca 104.037975167 28 29
Ca 100.001264782 28 29
Ca 90.8349316449 28 29
Ca 77.4055611093 28 29
Ca 48.6432379767 52 53
Ca 67.0552043327 52 53
Ca 95.4347256058 52 53
Ca 115.102866221 52 53
Ca 112.83173506 52 53
Ca 92.088552732 52 53
Ca 54.8201901032 52 53
Ca 34.869840846 52 53
Ca 47.3717960385 61 62
Ca 69.6691566501 61 62
Ca 109.372420923 61 62
Ca 148.418719822 61 62
Ca 145.184838726 61 62
Ca 97.1669250585 61 62
Ca 52.5800795376 61 62
Ca 31.7404310327 61 62
Ca 47.6238664697 64 65
Ca 64.7721330993 64 65
Ca 87.4110453683 64 65
Ca 102.76833024 64 65
Ca 104.243451226 64 65
Ca 91.7085925297 64 65
Ca 68.3486641338 64 65
Ca 49.5215415418 64 65
Ca 58.4810053377 87 88
Ca 73.6436055575 87 88
Ca 94.7107657696 87 88
Ca 105.78128622 87 88
Ca 101.109152624 87 88
Ca 82.224693488 87 88
Ca 51.7555767557 87 88
Ca 32.6426984522 87 88
Ca 49.4705667178 88 89
Ca 67.0556739376 88 89
Ca 96.0766477922 88 89
Ca 119.601062285 88 89
Ca 121.497363067 88 89
Ca 103.784184586 88 89
Ca 73.1915007574 88 89
Ca 48.6986803315 88 89
Ca 76.7444707756 109 110
Ca 91.2163772207 109 110
Ca 103.698604646 109 110
Ca 107.949679758 109 110
Ca 101.820083481 109 110
Ca 94.2842358232 109 110
Ca 81.5637006175 109 110
Ca 66.3388055881 109 110
Ca 33.1756108577 112 113
Ca 55.9919498697 112 113
Ca 98.9809660367 112 113
Ca 120.872030015 112 113
Ca 123.348280534 112 113
Ca 102.157055226 112 113
Ca 66.5796763427 112 113
Ca 43.442269567 112 113
Ca 47.504702808 136 137
Ca 70.3094411477 136 137
Ca 105.783867214 136 137
Ca 139.292986642 136 137
Ca 142.82806263 136 137
Ca 102.248704383 136 137
Ca 62.2985802537 136 137
Ca 40.9903806742 136 137
Ca 44.223197636 140 141
Ca 64.0661071503 140 141
Ca 93.3193005813 140 141
Ca 110.463507348 140 141
Ca 107.311096945 140 141
Ca 90.0855071035 140 141
Ca 56.7101535388 140 141
Ca 37.7261033362 140 141
Ca 59.1266362094 153 154
Ca 78.1271862653 153 154
Ca 99.6242920268 153 154
Ca 115.756537655 153 154
Ca 116.815833811 153 154
Ca 97.7819651722 153 154
Ca 73.6436569175 153 154
Ca 60.1138490002 153 154
Ca 43.0300798028 157 158
Ca 62.1690552416 157 158
Ca 88.5155505643 157 158
Ca 107.888179865 157 158
Ca 114.222785596 157 158
Ca 104.430233455 157 158
Ca 91.0441010278 157 158
Ca 77.2107611572 157 158
Ca 72.7019297535 170 171
Ca 88.4721353121 170 171
Ca 114.958765861 170 171
Ca 149.569526959 170 171
Ca 150.293100797 170 171
Ca 104.708092937 170 171
Ca 74.1580797126 170 171
Ca 58.2491104284 170 171
Ca 50.2030148651 230 231
Ca 72.1136000108 230 231
Ca 107.330149823 230 231
Ca 155.30188707 230 231
Ca 150.236911297 230 231
Ca 112.682911993 230 231
Ca 82.3987909646 230 231
Ca 62.6260924151 230 231
Ca 75.9047250865 244 245
Ca 92.1378252556 244 245
Ca 112.030041867 244 245
Ca 132.813312391 244 245
Ca 128.784648767 244 245
Ca 100.036735768 244 245
Ca 70.5713940695 244 245
Ca 53.8787904205 244 245
Ca 37.8999691904 255 256
Ca 59.9354402467 255 256
Ca 102.448285001 255 256
Ca 139.094910436 255 256
Ca 143.768458226 255 256
Ca 109.126029483 255 256
Ca 69.1324760732 255 256
Ca 50.5479777274 255 256
Ca 79.5534833478 269 270
Ca 94.4434389974 269 270
Ca 112.747959434 269 270
Ca 130.83644147 269 270
Ca 129.490501139 269 270
Ca 105.424965651 269 270
Ca 13.2552864104 269 270
Ca 13.5784993973 269 270
Ca 77.0569410324 284 285
Ca 87.4197349907 284 285
Ca 98.5118225324 284 285
Ca 103.690053267 284 285
Ca 106.518485514 284 285
Ca 100.041600189 284 285
Ca 88.3737011344 284 285
Ca 74.7542364525 284 285
Ca 78.9299878326 295 296
Ca 91.6415541158 295 296
Ca 100.988868327 295 296
Ca 105.677805021 295 296
Ca 104.693469948 295 296
Ca 102.218038883 295 296
Ca 94.7498012962 295 296
Ca 82.5633230359 295 296
Ca 32.5407976955 338 339
Ca 53.4938884105 338 339
Ca 84.8057216841 338 339
Ca 101.58134584 338 339
Ca 103.724098435 338 339
Ca 94.786783239 338 339
Ca 69.2562528514 338 339
Ca 45.2051228464 338 339
Ca 47.869574632 357 358
Ca 71.0942281541 357 358
Ca 110.724335083 357 358
Ca 164.219171808 357 358
Ca 153.582613712 357 358
Ca 109.247897997 357 358
Ca 78.0132001246 357 358
Ca 59.5027707999 357 358
Ca 48.5784909464 359 360
Ca 69.2249446816 359 360
Ca 102.41203446 359 360
Ca 138.165810393 359 360
Ca 134.961147314 359 360
Ca 109.96860097 359 360
Ca 85.3509661087 359 360
Ca 69.5810344348 359 360
Ca 1.92126674574 376 377
Ca 2.57106026939 376 377
Ca 3.86187927054 376 377
Ca 7.67773164136 376 377
Ca 111.531255997 376 377
Ca 89.8042958526 376 377
Ca 52.6496794826 376 377
Ca 30.6332184125 376 377
Ca 59.147603836 387 388
Ca 72.2363687024 387 388
Ca 86.4501008679 387 388
Ca 95.2822926866 387 388
Ca 97.9501967468 387 388
Ca 92.5190510706 387 388
Ca 80.7922042994 387 388
Ca 67.2072207212 387 388
Ca 40.0824040726 411 412
Ca 57.722851366 411 412
Ca 99.5693139245 411 412
Ca 124.986687411 411 412
Ca 121.203215705 411 412
Ca 88.5968206087 411 412
Ca 43.6736149351 411 412
Ca 25.4439155703 411 412
Ca 74.1535932992 417 418
Ca 90.4392318158 417 418
Ca 108.537432932 417 418
Ca 124.85281454 417 418
Ca 131.304692617 417 418
Ca 113.372067716 417 418
Ca 91.1501859496 417 418
Ca 74.6003134623 417 418
Ca 74.9934101522 425 426
Ca 88.8480466535 425 426
Ca 100.863034374 425 426
Ca 106.260791976 425 426
Ca 104.415132414 425 426
Ca 98.0575057622 425 426
Ca 84.4832720888 425 426
Ca 67.0794147234 425 426
Ca 64.7702969482 435 436
Ca 85.6839569783 435 436
Ca 115.700690829 435 436
Ca 153.729952388 435 436
Ca 156.883537782 435 436
Ca 109.128623354 435 436
Ca 71.6674326286 435 436
Ca 52.7069294418 435 436
Ca 60.3052906573 462 463
Ca 75.3655257609 462 463
Ca 100.028335515 462 463
Ca 116.802568138 462 463
Ca 115.819478862 462 463
Ca 87.8321092432 462 463
Ca 53.9862880969 462 463
Ca 35.2838953237 462 463
Ca 41.3344711728 463 464
Ca 56.4922556539 463 464
Ca 89.6960101863 463 464
Ca 117.82792453 463 464
Ca 123.063898823 463 464
Ca 102.885262886 463 464
Ca 64.4610062222 463 464
Ca 40.8104639165 463 464
Ca 59.8495711171 475 476
Ca 76.3868217382 475 476
Ca 95.4936925144 475 476
Ca 108.643235553 475 476
Ca 112.123905419 475 476
Ca 96.7897200451 475 476
Ca 64.151770718 475 476
Ca 40.7657291844 475 476
Ca 48.7379511712 492 493
Ca 67.5391023513 492 493
Ca 100.4534664 492 493
Ca 144.289666908 492 493
Ca 136.79633044 492 493
Ca 109.924273805 492 493
Ca 85.7042272697 492 493
Ca 70.9849968629 492 493
Ca 56.0151899835 497 498
Ca 72.737296979 497 498
Ca 102.225319456 497 498
Ca 127.613300309 497 498
Ca 133.102643958 497 498
Ca 98.828572101 497 498
Ca 63.8533881967 497 498
Ca 45.3053599909 497 498
Ca 46.075991722 501 502
Ca 66.9258968276 501 502
Ca 99.9868225167 501 502
Ca 138.361765679 501 502
Ca 132.131309795 501 502
Ca 111.195001528 501 502
Ca 89.7067502698 501 502
Ca 74.3998029147 501 502
Ca 78.7552262721 521 522
Ca 92.0195212388 521 522
Ca 109.319124694 521 522
Ca 119.307436509 521 522
Ca 111.731980674 521 522
Ca 89.4400804808 521 522
Ca 55.1443467071 521 522
Ca 32.9749115518 521 522
Ca 41.5775379163 10 11
Ca 58.2379698074 10 11
Ca 79.4686865291 10 11
Ca 97.0394756396 10 11
Ca 100.481789553 10 11
Ca 94.4796474444 10 11
Ca 83.6847690395 10 11
Ca 70.0616189244 10 11
Ca 79.0086690799 30 31
Ca 92.676045331 30 31
Ca 102.316066775 30 31
Ca 105.799021126 30 31
Ca 103.722468759 30 31
Ca 91.731116649 30 31
Ca 75.3612870465 30 31
Ca 59.317758434 30 31
Ca 49.7386626933 52 53
Ca 68.1263252949 52 53
Ca 95.6268424515 52 53
Ca 114.087732792 52 53
Ca 111.413864738 52 53
Ca 90.5120879358 52 53
Ca 53.2997521834 52 53
Ca 33.6054670377 52 53
Ca 47.7971117133 61 62
Ca 69.6422801511 61 62
Ca 108.61757336 61 62
Ca 147.855508947 61 62
Ca 145.969005401 61 62
Ca 97.0969070255 61 62
Ca 52.6634199288 61 62
Ca 31.747654019 61 62
Ca 49.8273695159 64 65
Ca 66.8042309627 64 65
Ca 88.5636581648 64 65
Ca 102.716842591 64 65
Ca 103.561565162 64 65
Ca 90.685655785 64 65
Ca 67.3830971688 64 65
Ca 48.2788964495 64 65
Ca 56.6358810572 87 88
Ca 72.1483519379 87 88
Ca 94.2695196469 87 88
Ca 106.591699764 87 88
Ca 102.509583955 87 88
Ca 83.5652278677 87 88
Ca 52.9889823139 87 88
Ca 34.2616977881 87 88
Ca 47.9453232075 88 89
Ca 65.5639613916 88 89
Ca 94.2418418776 88 89
Ca 117.61954422 88 89
Ca 119.671920943 88 89
Ca 103.07502501 88 89
Ca 72.7495126536 88 89
Ca 47.8100772101 88 89
Ca 77.2512797504 109 110
Ca 91.4975839263 109 110
Ca 103.022427575 109 110
Ca 106.555283837 109 110
Ca 100.593331048 109 110
Ca 93.5307636685 109 110
Ca 80.6381783716 109 110
Ca 65.0848852484 109 110
Ca 35.236358097 112 113
Ca 58.3540312655 112 113
Ca 97.1672426717 112 113
Ca 116.368143016 112 113
Ca 118.829824648 112 113
Ca 100.367374614 112 113
Ca 68.2256822285 112 113
Ca 45.4496009993 112 113
Ca 48.614445737 136 137
Ca 71.5363445937 136 137
Ca 106.881996096 136 137
Ca 140.210044434 136 137
Ca 144.104922558 136 137
Ca 101.808125076 136 137
Ca 60.4392003823 136 137
Ca 39.4540574604 136 137
Ca 44.8003956302 140 141
Ca 64.757505402 140 141
Ca 93.7904135634 140 141
Ca 110.888883707 140 141
Ca 107.575724715 140 141
Ca 89.8682996296 140 141
Ca 56.3209897076 140 141
Ca 37.4441923471 140 141
Ca 57.0976735113 153 154
Ca 75.7754835131 153 154
Ca 96.3868127566 153 154
Ca 111.174191598 153 154
Ca 112.82326611 153 154
Ca 97.2857487886 153 154
Ca 74.8868248931 153 154
Ca 61.4343948613 153 154
Ca 62.1804327713 158 159
Ca 77.9218636225 158 159
Ca 91.7998674034 158 159
Ca 98.708921262 158 159
Ca 98.5136959178 158 159
Ca 96.9636173943 158 159
Ca 90.1597960969 158 159
Ca 79.4030491673 158 159
Ca 70.3668311641 170 171
Ca 86.5120958637 170 171
Ca 113.640426449 170 171
Ca 148.474759786 170 171
Ca 150.009982637 170 171
Ca 104.012742542 170 171
Ca 72.7614608968 170 171
Ca 56.9970159958 170 171
Ca 74.6067216985 234 235
Ca 84.6262020849 234 235
Ca 96.5414819289 234 235
Ca 103.304818417 234 235
Ca 104.902512463 234 235
Ca 99.7785743229 234 235
Ca 83.3220713289 234 235
Ca 65.8730735662 234 235
Ca 54.5584672425 245 246
Ca 76.9833820296 245 246
Ca 102.80127645 245 246
Ca 113.540584387 245 246
Ca 105.389330746 245 246
Ca 82.3343257155 245 246
Ca 58.4687782201 245 246
Ca 42.5347573659 245 246
Ca 43.0143244307 256 257
Ca 63.7524061586 256 257
Ca 92.1832474777 256 257
Ca 115.509683335 256 257
Ca 111.537328674 256 257
Ca 97.898602132 256 257
Ca 78.7017526341 256 257
Ca 64.0269412768 256 257
Ca 30.7764231849 270 271
Ca 50.2264641664 270 271
Ca 91.5877236656 270 271
Ca 117.890151618 270 271
Ca 118.316680534 270 271
Ca 99.4887828301 270 271
Ca 77.7929764218 270 271
Ca 62.0255504922 270 271
Ca 47.5025979635 281 282
Ca 63.799095137 281 282
Ca 90.8643265417 281 282
Ca 112.547092741 281 282
Ca 116.835479951 281 282
Ca 98.9931922236 281 282
Ca 71.5998987208 281 282
Ca 54.2380392875 281 282
Ca 63.1266241891 297 298
Ca 78.5316393465 297 298
Ca 97.3822425984 297 298
Ca 113.708272701 297 298
Ca 114.685551973 297 298
Ca 96.3939039341 297 298
Ca 71.5901847801 297 298
Ca 53.9530200989 297 298
Ca 36.0070945394 338 339
Ca 56.9376186892 338 339
Ca 87.6251803881 338 339
Ca 103.740980174 338 339
Ca 104.443808181 338 339
Ca 91.5511644634 338 339
Ca 61.9915302849 338 339
Ca 38.6682688269 338 339
Ca 46.836346296 357 358
Ca 70.1964663541 357 358
Ca 110.640670899 357 358
Ca 164.780035899 357 358
Ca 153.216942016 357 358
Ca 109.146423768 357 358
Ca 77.858255055 357 358
Ca 59.3510811196 357 358
Ca 48.3899933858 359 360
Ca 68.9633998951 359 360
Ca 102.199873222 359 360
Ca 138.156958022 359 360
Ca 134.911661693 359 360
Ca 109.885493313 359 360
Ca 85.2584097438 359 360
Ca 69.4151143664 359 360
Ca 33.7734335735 376 377
Ca 60.1844777998 376 377
Ca 96.1975520422 376 377
Ca 111.760335191 376 377
Ca 108.262254091 376 377
Ca 88.3947114069 376 377
Ca 58.9417188207 376 377
Ca 37.7494477975 376 377
Ca 54.0783683059 386 387
Ca 71.9777673404 386 387
Ca 95.7256988881 386 387
Ca 116.385963819 386 387
Ca 114.626821436 386 387
Ca 103.798163064 386 387
Ca 87.5284632407 386 387
Ca 75.5723933328 386 387
Ca 40.2582060241 411 412
Ca 58.3726383 411 412
Ca 99.4505209343 411 412
Ca 123.790202937 411 412
Ca 120.096160909 411 412
Ca 88.079371597 411 412
Ca 43.6468263823 411 412
Ca 25.1834229944 411 412
Ca 61.3533936773 416 417
Ca 76.5229679003 416 417
Ca 92.9386448464 416 417
Ca 104.927759274 416 417
Ca 105.714519568 416 417
Ca 95.5078625099 416 417
Ca 79.3786558382 416 417
Ca 60.6480454458 416 417
Ca 75.8782131076 425 426
Ca 89.6551821546 425 426
Ca 101.308917227 425 426
Ca 106.286027092 425 426
Ca 104.322399009 425 426
Ca 98.0888104969 425 426
Ca 84.7846060757 425 426
Ca 67.6807829876 425 426
Ca 64.8799770895 435 436
Ca 85.9227281076 435 436
Ca 115.853345002 435 436
Ca 153.422158863 435 436
Ca 156.709378978 435 436
Ca 108.892918612 435 436
Ca 71.2762328544 435 436
Ca 52.2863103506 435 436
Ca 79.351727352 460 461
Ca 91.9320269003 460 461
Ca 101.700495608 460 461
Ca 105.795558777 460 461
Ca 99.7873964792 460 461
Ca 91.3578743828 460 461
Ca 77.5305969489 460 461
Ca 64.3689109612 460 461
Ca 42.2651256446 463 464
Ca 57.6725109685 463 464
Ca 90.9517605483 463 464
Ca 118.085120852 463 464
Ca 123.004161509 463 464
Ca 102.015978444 463 464
Ca 63.2590353638 463 464
Ca 40.2621876901 463 464
Ca 57.488297849 475 476
Ca 74.2676064875 475 476
Ca 93.5139741439 475 476
Ca 106.755511166 475 476
Ca 110.717791502 475 476
Ca 97.1891981079 475 476
Ca 67.0941476946 475 476
Ca 43.7920386397 475 476
Ca 48.7195055662 492 493
Ca 67.6232888994 492 493
Ca 100.635302254 492 493
Ca 143.474769659 492 493
Ca 135.971346608 492 493
Ca 109.636223752 492 493
Ca 85.5455905418 492 493
Ca 70.7739532495 492 493
Ca 55.052281775 497 498
Ca 72.07966602 497 498
Ca 102.160168177 497 498
Ca 127.678423905 497 498
Ca 133.09942764 497 498
Ca 98.5121223025 497 498
Ca 63.149971175 497 498
Ca 44.661036152 497 498
Ca 43.2866270858 501 502
Ca 63.8562628893 501 502
Ca 97.7362160407 501 502
Ca 136.727626105 501 502
Ca 130.129443353 501 502
Ca 109.7632776 501 502
Ca 88.4269358632 501 502
Ca 73.5000291066 501 502
Ca 78.7572921843 521 522
Ca 92.1039858679 521 522
Ca 109.778950145 521 522
Ca 120.626681167 521 522
Ca 113.911482159 521 522
Ca 90.7895484182 521 522
Ca 56.2263889788 521 522
Ca 34.3544471532 521 522
Ca 31.4126459533 8 9
Ca 52.1348065424 8 9
Ca 102.426097113 8 9
Ca 145.823102505 8 9
Ca 162.251479162 8 9
Ca 100.916029031 8 9
Ca 54.2925853183 8 9
Ca 39.490083881 8 9
Ca 79.6761499705 30 31
Ca 93.2010873928 30 31
Ca 102.641165346 30 31
Ca 106.208906808 30 31
Ca 104.013980045 30 31
Ca 92.0372408136 30 31
Ca 75.5813789498 30 31
Ca 59.4656910651 30 31
Ca 49.575257841 52 53
Ca 68.0930663509 52 53
Ca 95.4743937885 52 53
Ca 113.554221202 52 53
Ca 110.921918545 52 53
Ca 90.5622441603 52 53
Ca 54.0295323452 52 53
Ca 34.1104538753 52 53
Ca 45.8252300785 61 62
Ca 68.2681891308 61 62
Ca 109.098258343 61 62
Ca 147.199466656 61 62
Ca 142.452856794 61 62
Ca 97.3014380401 61 62
Ca 53.7407073011 61 62
Ca 32.5584076091 61 62
Ca 49.6674723548 64 65
Ca 66.841331573 64 65
Ca 88.9609734101 64 65
Ca 103.498136308 64 65
Ca 104.332707351 64 65
Ca 91.1453264568 64 65
Ca 67.763913238 64 65
Ca 48.8070739001 64 65
Ca 56.8741667938 87 88
Ca 72.4409103957 87 88
Ca 94.4678301575 87 88
Ca 106.521377974 87 88
Ca 102.119441768 87 88
Ca 83.093864911 87 88
Ca 52.7370510891 87 88
Ca 33.9630430404 87 88
Ca 48.0369556485 88 89
Ca 65.678060497 88 89
Ca 94.3545248247 88 89
Ca 117.492180074 88 89
Ca 119.717454777 88 89
Ca 103.36888666 88 89
Ca 73.0275810486 88 89
Ca 47.8082501135 88 89
Ca 75.929043665 109 110
Ca 90.7760073957 109 110
Ca 102.600153402 109 110
Ca 106.283786582 109 110
Ca 100.229484228 109 110
Ca 92.9356586069 109 110
Ca 80.0521748022 109 110
Ca 64.8157604037 109 110
Ca 34.4996056843 112 113
Ca 56.9723294966 112 113
Ca 97.1203550473 112 113
Ca 118.24513419 112 113
Ca 120.839791039 112 113
Ca 101.480989989 112 113
Ca 68.0785439519 112 113
Ca 45.1052308447 112 113
Ca 48.6193201852 136 137
Ca 71.3706616634 136 137
Ca 106.899309307 136 137
Ca 140.319436222 136 137
Ca 145.231007526 136 137
Ca 101.822419528 136 137
Ca 58.9498612285 136 137
Ca 37.9543834356 136 137
Ca 44.9217863429 140 141
Ca 65.0696726445 140 141
Ca 94.1156889887 140 141
Ca 110.857085789 140 141
Ca 107.533460239 140 141
Ca 89.9442320251 140 141
Ca 56.2620595586 140 141
Ca 37.2084833941 140 141
Ca 59.5829623225 153 154
Ca 78.3289902005 153 154
Ca 99.3765812122 153 154
Ca 115.403626649 153 154
Ca 116.349676546 153 154
Ca 97.5833289561 153 154
Ca 73.9760206134 153 154
Ca 60.5506220944 153 154
Ca 61.6261153706 158 159
Ca 77.3927197957 158 159
Ca 91.5647518761 158 159
Ca 98.7383804461 158 159
Ca 98.6221325111 158 159
Ca 97.0441644542 158 159
Ca 90.3245230521 158 159
Ca 79.5430376517 158 159
Ca 70.7202209378 170 171
Ca 86.9314521059 170 171
Ca 114.209783727 170 171
Ca 150.227822378 170 171
Ca 150.885105359 170 171
Ca 104.769200332 170 171
Ca 73.9691786566 170 171
Ca 58.0979198113 170 171
Ca 47.9373640709 230 231
Ca 70.7805895056 230 231
Ca 108.300947948 230 231
Ca 158.660996137 230 231
Ca 152.135368922 230 231
Ca 113.189796221 230 231
Ca 82.9767448083 230 231
Ca 63.8176360219 230 231
Ca 73.92798823 244 245
Ca 90.6143707184 244 245
Ca 111.234964278 244 245
Ca 133.34757987 244 245
Ca 129.869800212 244 245
Ca 100.429847225 244 245
Ca 70.894342596 244 245
Ca 54.159804561 244 245
Ca 37.8706867107 255 256
Ca 60.1525639406 255 256
Ca 102.850615096 255 256
Ca 139.089197563 255 256
Ca 144.011360858 255 256
Ca 109.009743229 255 256
Ca 68.6015419426 255 256
Ca 50.0240937739 255 256
Ca 77.9949623191 269 270
Ca 93.2832557502 269 270
Ca 111.382431252 269 270
Ca 128.985223938 269 270
Ca 127.870063527 269 270
Ca 104.944960716 269 270
Ca 78.8046018459 269 270
Ca 61.9374407516 269 270
Ca 35.4255049066 282 283
Ca 51.3390759654 282 283
Ca 82.2813969533 282 283
Ca 103.906127717 282 283
Ca 104.011201527 282 283
Ca 96.3549733549 282 283
Ca 82.2860629297 282 283
Ca 71.5798495811 282 283
Ca 79.6254009554 295 296
Ca 92.1403063281 295 296
Ca 101.30959042 295 296
Ca 105.880413785 295 296
Ca 104.772778504 295 296
Ca 102.172490843 295 296
Ca 94.6189205153 295 296
Ca 82.4708245346 295 296
Ca 32.0719680435 338 339
Ca 52.3668014634 338 339
Ca 84.2660240327 338 339
Ca 102.414753022 338 339
Ca 104.750237602 338 339
Ca 95.3402222802 338 339
Ca 68.4881228128 338 339
Ca 43.8945708741 338 339
Ca 47.8646124335 357 358
Ca 71.0436413474 357 358
Ca 110.582885253 357 358
Ca 164.186009041 357 358
Ca 153.298557041 357 358
Ca 109.159543773 357 358
Ca 78.0280537609 357 358
Ca 59.5679928676 357 358
Ca 48.3220084369 359 360
Ca 68.9682121793 359 360
Ca 102.349046932 359 360
Ca 138.305591171 359 360
Ca 134.835045122 359 360
Ca 109.726452311 359 360
Ca 85.0067166079 359 360
Ca 69.1494239624 359 360
Ca 38.6670296073 376 377
Ca 66.1048291165 376 377
Ca 99.40800397 376 377
Ca 115.296167041 376 377
Ca 113.727530612 376 377
Ca 93.01963183 376 377
Ca 57.6224627647 376 377
Ca 34.4372118657 376 377
Ca 54.4876214344 386 387
Ca 72.3367873516 386 387
Ca 96.0889588554 386 387
Ca 116.423648099 386 387
Ca 114.550397529 386 387
Ca 103.861825813 386 387
Ca 87.7589631562 386 387
Ca 75.8481155496 386 387
Ca 44.2545177633 411 412
Ca 62.6982854681 411 412
Ca 100.541417132 411 412
Ca 123.94324152 411 412
Ca 120.551430151 411 412
Ca 87.3642218958 411 412
Ca 43.0455329855 411 412
Ca 24.8377130831 411 412
Ca 74.2426852967 417 418
Ca 90.529969808 417 418
Ca 108.694941836 417 418
Ca 125.412977994 417 418
Ca 132.042618617 417 418
Ca 113.873410007 417 418
Ca 91.4917614931 417 418
Ca 74.7786596348 417 418
Ca 75.5771034157 425 426
Ca 89.3154715457 425 426
Ca 100.958655917 425 426
Ca 105.75415401 425 426
Ca 103.457248959 425 426
Ca 96.9567762813 425 426
Ca 83.1648841877 425 426
Ca 65.7949630348 425 426
Ca 65.1173448682 435 436
Ca 86.1888508832 435 436
Ca 116.208128167 435 436
Ca 154.213601669 435 436
Ca 156.910098866 435 436
Ca 109.169948871 435 436
Ca 71.9879135502 435 436
Ca 53.1491561459 435 436
Ca 60.7923701203 462 463
Ca 76.0718128305 462 463
Ca 101.09719358 462 463
Ca 118.306956061 462 463
Ca 117.444737446 462 463
Ca 88.911917503 462 463
Ca 55.0551726377 462 463
Ca 36.1459509063 462 463
Ca 41.6057530852 463 464
Ca 57.2714074668 463 464
Ca 90.830462652 463 464
Ca 118.630280963 463 464
Ca 123.709947426 463 464
Ca 103.285586809 463 464
Ca 65.3975041047 463 464
Ca 41.7883976276 463 464
Ca 57.7881272109 475 476
Ca 74.7126727006 475 476
Ca 94.1192626574 475 476
Ca 107.386028048 475 476
Ca 111.347349928 475 476
Ca 97.3059419165 475 476
Ca 66.6330658318 475 476
Ca 43.4043513141 475 476
Ca 48.9226407072 492 493
Ca 67.8887554684 492 493
Ca 100.731862552 492 493
Ca 143.596438033 492 493
Ca 136.175903568 492 493
Ca 109.562129956 492 493
Ca 85.2963902126 492 493
Ca 70.4160886161 492 493
Ca 56.8734154924 497 498
Ca 74.0380081815 497 498
Ca 103.922916547 497 498
Ca 129.214806468 497 498
Ca 134.496728429 497 498
Ca 98.3463583144 497 498
Ca 62.3690129211 497 498
Ca 43.9136964689 497 498
Ca 43.579121486 501 502
Ca 64.2493689796 501 502
Ca 98.4715322031 501 502
Ca 138.683841952 501 502
Ca 131.962002477 501 502
Ca 110.733626365 501 502
Ca 88.9531652611 501 502
Ca 73.7935387233 501 502
Ca 78.4405026944 521 522
Ca 91.7778298928 521 522
Ca 109.041153218 521 522
Ca 118.922045867 521 522
Ca 111.387815288 521 522
Ca 88.8763721951 521 522
Ca 54.3480408399 521 522
Ca 32.2435010101 521 522
Ca 42.8386932734 10 11
Ca 59.5024501529 10 11
Ca 80.3173187775 10 11
Ca 97.3139313055 10 11
Ca 100.506451174 10 11
Ca 94.1464545307 10 11
Ca 83.0028475773 10 11
Ca 69.2612474412 10 11
Ca 79.5823279496 30 31
Ca 93.2368741169 30 31
Ca 102.862250352 30 31
Ca 106.554346714 30 31
Ca 104.469407929 30 31
Ca 92.2177998806 30 31
Ca 75.6156054035 30 31
Ca 59.4323139831 30 31
Ca 47.528791986 53 54
Ca 68.3701332947 53 54
Ca 101.611514139 53 54
Ca 141.314706188 53 54
Ca 137.003755399 53 54
Ca 111.445683035 53 54
Ca 86.9938372467 53 54
Ca 70.9508141047 53 54
Ca 47.901637015 61 62
Ca 69.9652427973 61 62
Ca 108.976162457 61 62
Ca 147.754694065 61 62
Ca 144.834879643 61 62
Ca 97.8565666421 61 62
Ca 54.1498445455 61 62
Ca 32.8339738183 61 62
Ca 50.1516365125 64 65
Ca 67.4118166732 64 65
Ca 89.5776964839 64 65
Ca 103.94287299 64 65
Ca 104.554688443 64 65
Ca 91.00204505 64 65
Ca 67.4445206179 64 65
Ca 48.5447797926 64 65
Ca 57.2229392452 87 88
Ca 72.7138824329 87 88
Ca 94.4153040056 87 88
Ca 106.426141042 87 88
Ca 102.056642341 87 88
Ca 83.3425259057 87 88
Ca 54.1985998429 87 88
Ca 35.5800504355 87 88
Ca 48.8903012048 88 89
Ca 66.6980050336 88 89
Ca 94.8889863076 88 89
Ca 116.529978695 88 89
Ca 118.781806678 88 89
Ca 102.631960214 88 89
Ca 72.1794531235 88 89
Ca 46.9515111559 88 89
Ca 77.0978593321 109 110
Ca 91.5928722629 109 110
Ca 103.21793266 109 110
Ca 106.740241034 109 110
Ca 100.75108387 109 110
Ca 93.8995393893 109 110
Ca 81.2506600541 109 110
Ca 65.7640861188 109 110
Ca 35.6215345761 112 113
Ca 58.985510543 112 113
Ca 97.7690856213 112 113
Ca 116.909254416 112 113
Ca 119.228651125 112 113
Ca 100.592979595 112 113
Ca 68.1002209971 112 113
Ca 45.0065157969 112 113
Ca 47.28271232 136 137
Ca 70.2515858619 136 137
Ca 106.378918383 136 137
Ca 139.650452846 136 137
Ca 143.568739771 136 137
Ca 101.515583523 136 137
Ca 58.7954965871 136 137
Ca 37.7591041216 136 137
Ca 44.7313037306 140 141
Ca 64.8923247613 140 141
Ca 93.9480011641 140 141
Ca 110.235507844 140 141
Ca 106.996325002 140 141
Ca 89.83010566 140 141
Ca 56.5276074494 140 141
Ca 37.4642325064 140 141
Ca 59.0332811014 153 154
Ca 77.813552108 153 154
Ca 98.6509703477 153 154
Ca 114.157006072 153 154
Ca 115.376345867 153 154
Ca 97.6912789119 153 154
Ca 74.4393321423 153 154
Ca 61.0101647223 153 154
Ca 61.3718854841 158 159
Ca 76.979032317 158 159
Ca 90.9730849922 158 159
Ca 98.1638679494 158 159
Ca 98.5664137892 158 159
Ca 97.2521954682 158 159
Ca 90.2267770115 158 159
Ca 80.0007255132 158 159
Ca 71.7077387594 170 171
Ca 87.75474657 170 171
Ca 114.793828805 170 171
Ca 150.817640404 170 171
Ca 151.147844311 170 171
Ca 104.710389164 170 171
Ca 73.8438014685 170 171
Ca 57.9997693429 170 171
Ca 48.0413826496 230 231
Ca 69.950608161 230 231
Ca 106.202353725 230 231
Ca 154.874989099 230 231
Ca 149.325355894 230 231
Ca 112.305551684 230 231
Ca 81.4971842547 230 231
Ca 61.6178754731 230 231
Ca 74.9233734337 244 245
Ca 91.2650263125 244 245
Ca 111.436736595 244 245
Ca 132.800304092 244 245
Ca 129.212089334 244 245
Ca 100.183060084 244 245
Ca 70.580871732 244 245
Ca 53.7077932659 244 245
Ca 37.81953303 255 256
Ca 59.9890735549 255 256
Ca 102.686373299 255 256
Ca 139.279211779 255 256
Ca 144.227084006 255 256
Ca 109.209877333 255 256
Ca 68.9335216555 255 256
Ca 50.3597907592 255 256
Ca 77.9496231015 269 270
Ca 93.1457040671 269 270
Ca 111.257599319 269 270
Ca 128.770949417 269 270
Ca 127.435498034 269 270
Ca 104.215394449 269 270
Ca 77.8182806697 269 270
Ca 60.8460915305 269 270
Ca 77.434040587 284 285
Ca 87.6683148888 284 285
Ca 98.4394817364 284 285
Ca 103.196863671 284 285
Ca 105.915263427 284 285
Ca 99.9386120665 284 285
Ca 88.8297060423 284 285
Ca 75.4953924002 284 285
Ca 80.3422176357 295 296
Ca 92.6248730326 295 296
Ca 101.27744497 295 296
Ca 105.382602482 295 296
Ca 104.350193807 295 296
Ca 102.389584639 295 296
Ca 95.3595001211 295 296
Ca 83.5397262447 295 296
Ca 32.0012666689 338 339
Ca 52.556030976 338 339
Ca 84.6412269649 338 339
Ca 102.247073321 338 339
Ca 104.712028569 338 339
Ca 95.5662077032 338 339
Ca 69.3854470417 338 339
Ca 44.9417725695 338 339
Ca 77.9872926089 356 357
Ca 91.5151943097 356 357
Ca 111.014276343 356 357
Ca 126.164801696 356 357
Ca 120.124216149 356 357
Ca 95.8078577762 356 357
Ca 57.3291246371 356 357
Ca 33.9085925938 356 357
Ca 48.9332257021 359 360
Ca 69.5165247088 359 360
Ca 102.645001705 359 360
Ca 138.137167086 359 360
Ca 134.768261854 359 360
Ca 109.709044826 359 360
Ca 84.836948412 359 360
Ca 68.8662609626 359 360
Ca 36.6843866601 376 377
Ca 63.6778460213 376 377
Ca 98.2631503847 376 377
Ca 115.002856022 376 377
Ca 113.162532597 376 377
Ca 92.419247146 376 377
Ca 57.4886631577 376 377
Ca 34.6100232905 376 377
Ca 54.5676301398 386 387
Ca 72.328588254 386 387
Ca 95.7498946128 386 387
Ca 115.994830429 386 387
Ca 114.324244881 386 387
Ca 103.489845468 386 387
Ca 87.1274337847 386 387
Ca 75.0387490698 386 387
Ca 41.9349893214 411 412
Ca 60.1517831208 411 412
Ca 100.02212984 411 412
Ca 124.147286959 411 412
Ca 120.771311914 411 412
Ca 88.2306500392 411 412
Ca 42.9918862853 411 412
Ca 24.6460637536 411 412
Ca 73.6458100593 417 418
Ca 90.2539019441 417 418
Ca 109.096559326 417 418
Ca 126.623348529 417 418
Ca 133.250369665 417 418
Ca 114.032428878 417 418
Ca 91.3549763126 417 418
Ca 74.4388053014 417 418
Ca 75.7406799617 425 426
Ca 89.6600269194 425 426
Ca 101.411559939 425 426
Ca 106.274331991 425 426
Ca 104.052244056 425 426
Ca 97.3929068877 425 426
Ca 83.5802753716 425 426
Ca 66.2665452443 425 426
Ca 64.6276156052 435 436
Ca 85.6639259896 435 436
Ca 115.586523932 435 436
Ca 153.034761263 435 436
Ca 155.672182952 435 436
Ca 108.866970997 435 436
Ca 71.948622698 435 436
Ca 53.1666422484 435 436
Ca 61.3845380079 462 463
Ca 76.5165627107 462 463
Ca 101.013671237 462 463
Ca 117.481950199 462 463
Ca 116.216381953 462 463
Ca 87.9098333759 462 463
Ca 54.4834942093 462 463
Ca 35.8053804807 462 463
Ca 41.5538650357 463 464
Ca 56.9645344627 463 464
Ca 90.4302659988 463 464
Ca 117.892851695 463 464
Ca 123.013960905 463 464
Ca 102.452770281 463 464
Ca 63.8475034426 463 464
Ca 40.3229179417 463 464
Ca 57.3999386122 475 476
Ca 74.3349553426 475 476
Ca 93.6522425192 475 476
Ca 106.882119032 475 476
Ca 110.672407548 475 476
Ca 97.2251488978 475 476
Ca 67.3784964896 475 476
Ca 44.1847008643 475 476
Ca 49.1734506402 492 493
Ca 68.0553041088 492 493
Ca 100.673850709 492 493
Ca 143.393382658 492 493
Ca 136.176501332 492 493
Ca 109.846186959 492 493
Ca 85.7851797022 492 493
Ca 71.0165798998 492 493
Ca 56.5690035179 497 498
Ca 73.8606035119 497 498
Ca 104.20601463 497 498
Ca 130.145099431 497 498
Ca 135.651391831 497 498
Ca 98.6965381842 497 498
Ca 62.4589759606 497 498
Ca 43.9382027264 497 498
Ca 45.2040819333 501 502
Ca 65.9336390981 501 502
Ca 99.5060453105 501 502
Ca 139.36722675 501 502
Ca 132.726665283 501 502
Ca 111.197707007 501 502
Ca 89.437334807 501 502
Ca 74.106076726 501 502
Ca 78.7272841687 521 522
Ca 92.4434400569 521 522
Ca 110.430369031 521 522
Ca 121.44645045 521 522
Ca 114.097680706 521 522
Ca 90.4835100561 521 522
Ca 55.2876370715 521 522
Ca 33.3939646616 521 522
Ca 42.6257843138 10 11
Ca 59.3464625304 10 11
Ca 80.5754552392 10 11
Ca 98.2274859586 10 11
Ca 101.345492808 10 11
Ca 94.5607282617 10 11
Ca 83.0554646012 10 11
Ca 69.0095641593 10 11
Ca 79.6681375585 30 31
Ca 93.2712287201 30 31
Ca 102.795027058 30 31
Ca 106.498960968 30 31
Ca 104.347556999 30 31
Ca 92.244019466 30 31
Ca 75.9713543205 30 31
Ca 59.9923948322 30 31
Ca 49.8285749137 52 53
Ca 68.1140933172 52 53
Ca 94.7122764413 52 53
Ca 111.563794155 52 53
Ca 108.655077965 52 53
Ca 88.4775238512 52 53
Ca 51.5616264802 52 53
Ca 32.198063245 52 53
Ca 47.062825642 61 62
Ca 69.4422220682 61 62
Ca 109.174428998 61 62
Ca 146.866800619 61 62
Ca 143.475146189 61 62
Ca 96.5607309163 61 62
Ca 52.4127411412 61 62
Ca 31.5989633134 61 62
Ca 50.3673203764 64 65
Ca 67.41875471 64 65
Ca 89.2730702675 64 65
Ca 103.486957328 64 65
Ca 104.144113693 64 65
Ca 91.1023435159 64 65
Ca 68.1352313483 64 65
Ca 49.3459781945 64 65
Ca 57.4744111777 87 88
Ca 72.7951249338 87 88
Ca 94.3452054658 87 88
Ca 106.361543893 87 88
Ca 102.191552153 87 88
Ca 83.8544650649 87 88
Ca 4.95231266652 87 88
Ca 2.63610146153 87 88
Ca 48.7326289354 88 89
Ca 66.4871230073 88 89
Ca 94.4099577827 88 89
Ca 9.52342248072 88 89
Ca 4.50460083991 88 89
Ca 2.94995938941 88 89
Ca 2.19872321365 88 89
Ca 1.75266371423 88 89
Ca 76.8646307871 109 110
Ca 91.2741416501 109 110
Ca 103.461844015 109 110
Ca 107.746982874 109 110
Ca 101.666529576 109 110
Ca 94.1885631801 109 110
Ca 81.1335632348 109 110
Ca 65.5701900681 109 110
Ca 35.1745915755 112 113
Ca 58.3866364714 112 113
Ca 98.6872748786 112 113
Ca 118.780156986 112 113
Ca 121.290789763 112 113
Ca 101.202271192 112 113
Ca 66.843394167 112 113
Ca 43.7090560222 112 113
Ca 49.3180263228 136 137
Ca 71.8050724457 136 137
Ca 108.092077746 136 137
Ca 142.475635858 136 137
Ca 148.064318869 136 137
Ca 99.4502270034 136 137
Ca 56.7556580679 136 137
Ca 36.7385256888 136 137
Ca 41.3181188537 140 141
Ca 60.1928378157 140 141
Ca 90.0924704966 140 141
Ca 108.61679787 140 141
Ca 106.102257633 140 141
Ca 91.7358960211 140 141
Ca 62.8642569336 140 141
Ca 43.9246404723 140 141
Ca 60.0717265801 153 154
Ca 78.6560007355 153 154
Ca 99.214636265 153 154
Ca 114.641153704 153 154
Ca 115.657684623 153 154
Ca 97.4237839712 153 154
Ca 73.9120491876 153 154
Ca 60.4521627778 153 154
Ca 62.0490638254 158 159
Ca 77.8288120971 158 159
Ca 91.8668791332 158 159
Ca 98.9758798966 158 159
Ca 98.7442522486 158 159
Ca 97.0270085135 158 159
Ca 90.1771511985 158 159
Ca 79.352683784 158 159
Ca 71.4924249644 170 171
Ca 87.5826738636 170 171
Ca 114.741861844 170 171
Ca 151.186550568 170 171
Ca 151.41150232 170 171
Ca 105.004926384 170 171
Ca 74.3170055196 170 171
Ca 58.4573131654 170 171
Ca 49.8308233773 230 231
Ca 71.8820868671 230 231
Ca 107.178532855 230 231
Ca 155.300443528 230 231
Ca 149.624615467 230 231
Ca 112.967236314 230 231
Ca 83.2982810193 230 231
Ca 64.0437795815 230 231
Ca 73.5862291892 244 245
Ca 90.2304254473 244 245
Ca 111.266799208 244 245
Ca 134.230025245 244 245
Ca 130.787452245 244 245
Ca 100.505094645 244 245
Ca 70.4142964007 244 245
Ca 53.4629363729 244 245
Ca 39.9006400262 255 256
Ca 62.2985250544 255 256
Ca 103.166932414 255 256
Ca 137.989337199 255 256
Ca 143.076635831 255 256
Ca 108.64606831 255 256
Ca 69.1120801165 255 256
Ca 50.7075357529 255 256
Ca 77.9537676182 269 270
Ca 93.0924461768 269 270
Ca 111.15283195 269 270
Ca 128.598638109 269 270
Ca 127.390396577 269 270
Ca 104.758405833 269 270
Ca 78.8594613165 269 270
Ca 62.0475999068 269 270
Ca 77.3299916312 284 285
Ca 87.5369721144 284 285
Ca 98.3820174411 284 285
Ca 103.321723789 284 285
Ca 106.092567121 284 285
Ca 99.9135676523 284 285
Ca 88.6191455484 284 285
Ca 75.3409385109 284 285
Ca 79.9935600261 295 296
Ca 92.5481276123 295 296
Ca 101.824281377 295 296
Ca 106.465178616 295 296
Ca 105.206306272 295 296
Ca 102.425786399 295 296
Ca 94.6842056521 295 296
Ca 82.4132105438 295 296
Ca 33.3303151766 338 339
Ca 53.7440259194 338 339
Ca 84.9497245974 338 339
Ca 102.297599823 338 339
Ca 104.463857078 338 339
Ca 94.9418795182 338 339
Ca 67.7595478954 338 339
Ca 42.9538246161 338 339
Ca 47.9184882082 357 358
Ca 71.1577220477 357 358
Ca 110.671576819 357 358
Ca 164.069487905 357 358
Ca 153.420464691 357 358
Ca 109.268080135 357 358
Ca 78.1278269027 357 358
Ca 59.6456982379 357 358
Ca 48.4940222588 359 360
Ca 69.1787061203 359 360
Ca 102.503739544 359 360
Ca 138.480199362 359 360
Ca 135.061396409 359 360
Ca 110.013003044 359 360
Ca 85.428157537 359 360
Ca 69.6705891826 359 360
Ca 34.8120435821 376 377
Ca 61.684573008 376 377
Ca 96.7597439238 376 377
Ca 113.054075734 376 377
Ca 110.788404465 376 377
Ca 90.0200126908 376 377
Ca 56.212278264 376 377
Ca 34.0688584756 376 377
Ca 54.757765345 386 387
Ca 72.5106089116 386 387
Ca 95.9277776386 386 387
Ca 116.053307078 386 387
Ca 114.565519785 386 387
Ca 103.718991035 386 387
Ca 87.3027396558 386 387
Ca 75.2442805917 386 387
Ca 41.9199811685 411 412
Ca 60.0111789808 411 412
Ca 99.7498699303 411 412
Ca 124.161791917 411 412
Ca 120.79205595 411 412
Ca 88.196031368 411 412
Ca 42.8760418161 411 412
Ca 24.5805553765 411 412
Ca 3.95683400752 417 418
Ca 5.96844718796 417 418
Ca 5.99625183004 417 418
Ca 5.98409741698 417 418
Ca 3.97899513443 417 418
Ca 2.98873974022 417 418
Ca 2.99666906878 417 418
Ca 2.99885438134 417 418
Ca 177.169877852 425 426
Ca 177.743423868 425 426
Ca 178.190467001 425 426
Ca 178.395482675 425 426
Ca 178.385034608 425 426
Ca 178.245290911 425 426
Ca 177.804294152 425 426
Ca 176.841182221 425 426
Ca 175.051723537 435 436
Ca 177.541369972 435 436
Ca 178.401006532 435 436
Ca 179.04216445 435 436
Ca 179.392848532 435 436
Ca 179.191473804 435 436
Ca 178.583032053 435 436
Ca 177.693151299 435 436
Ca 60.8166817415 462 463
Ca 76.0533964912 462 463
Ca 101.205033478 462 463
Ca 118.864287934 462 463
Ca 118.207672467 462 463
Ca 89.1981496122 462 463
Ca 54.8434584877 462 463
Ca 35.8921547396 462 463
Ca 40.8530808675 463 464
Ca 56.3475942925 463 464
Ca 90.3767389527 463 464
Ca 118.544689447 463 464
Ca 123.461006426 463 464
Ca 102.923276689 463 464
Ca 65.40445739 463 464
Ca 41.9773293408 463 464
Ca 58.1000809363 475 476
Ca 2.43643666969 475 476
Ca 1.11815195139 475 476
Ca 0.71930803233 475 476
Ca 0.528244208365 475 476
Ca 0.41608682937 475 476
Ca 0.342746872412 475 476
Ca 0.290924250294 475 476
Ca 1.97651439856 492 493
Ca 2.36954737235 492 493
Ca 2.96451859206 492 493
Ca 3.97676614168 492 493
Ca 6.04926029101 492 493
Ca 12.6533099073 492 493
Ca 86.1056552342 492 493
Ca 71.365737782 492 493
Ca 56.7490564723 497 498
Ca 73.5364741292 497 498
Ca 102.664752724 497 498
Ca 127.624125948 497 498
Ca 133.101521304 497 498
Ca 98.5812711453 497 498
Ca 63.6150577578 497 498
Ca 45.1115841107 497 498
Ca 45.0462769201 501 502
Ca 65.7725436964 501 502
Ca 99.5827739836 501 502
Ca 139.904803602 501 502
Ca 133.279792151 501 502
Ca 111.413144319 501 502
Ca 89.4875699139 501 502
Ca 74.1938006255 501 502
Ca 78.7826733858 521 522
Ca 92.2610573577 521 522
Ca 109.860976195 521 522
Ca 120.123344402 521 522
Ca 112.976171399 521 522
Ca 90.3647445991 521 522
Ca 55.8751995802 521 522
Ca 33.7363354326 521 522
Ca 30.3209798464 8 9
Ca 50.79461767 8 9
Ca 102.548959594 8 9
Ca 146.713876824 8 9
Ca 163.999834119 8 9
Ca 100.738640424 8 9
Ca 52.5073536171 8 9
Ca 38.1563824741 8 9
Ca 79.6118568581 30 31
Ca 5.50385053081 30 31
Ca 2.67748847882 30 31
Ca 1.7711685697 30 31
Ca 1.32331655149 30 31
Ca 1.05685511316 30 31
Ca 0.878469713832 30 31
Ca 0.75091097865 30 31
Ca 50.0788005076 52 53
Ca 68.5266441684 52 53
Ca 96.1915769703 52 53
Ca 115.147896465 52 53
Ca 112.514373941 52 53
Ca 90.6621205612 52 53
Ca 52.5489303751 52 53
Ca 32.803500583 52 53
Ca 4.99795276237 61 62
Ca 10.4856647879 61 62
Ca 108.710075149 61 62
Ca 146.606878507 61 62
Ca 143.095223654 61 62
Ca 97.8474552847 61 62
Ca 54.9203805573 61 62
Ca 33.3648878476 61 62
Ca 49.8744819166 64 65
Ca 67.0008842026 64 65
Ca 89.2256319999 64 65
Ca 104.141598974 64 65
Ca 105.036170266 64 65
Ca 91.3044498346 64 65
Ca 67.3157821794 64 65
Ca 48.331620477 64 65
Ca 58.4938066474 87 88
Ca 73.7488307672 87 88
Ca 94.8272070336 87 88
Ca 105.983048842 87 88
Ca 101.342362604 87 88
Ca 82.4194191135 87 88
Ca 53.3496843022 87 88
Ca 34.5536887861 87 88
Ca 49.7236763003 88 89
Ca 67.3249984408 88 89
Ca 95.9327709812 88 89
Ca 117.526253885 88 89
Ca 119.443203648 88 89
Ca 102.503286741 88 89
Ca 71.7326681317 88 89
Ca 46.7389935252 88 89
Ca 77.4434516011 109 110
Ca 91.7701064075 109 110
Ca 103.603698762 109 110
Ca 107.408521666 109 110
Ca 101.179771004 109 110
Ca 93.8754068303 109 110
Ca 80.8173396465 109 110
Ca 65.3893535239 109 110
Ca 37.2637158357 112 113
Ca 60.348939051 112 113
Ca 98.6543532403 112 113
Ca 118.058542233 112 113
Ca 120.742604483 112 113
Ca 101.171779128 112 113
Ca 67.2624485047 112 113
Ca 44.0408330931 112 113
Ca 48.5970862405 136 137
Ca 71.1801656678 136 137
Ca 106.816382937 136 137
Ca 139.821945398 136 137
Ca 145.020477461 136 137
Ca 100.47342215 136 137
Ca 56.7306895597 136 137
Ca 36.2310981503 136 137
Ca 45.0618041979 140 141
Ca 64.9579648341 140 141
Ca 93.5806652889 140 141
Ca 109.887789239 140 141
Ca 106.652698061 140 141
Ca 89.8471966326 140 141
Ca 57.2638280521 140 141
Ca 38.2707098335 140 141
Ca 58.7756869434 153 154
Ca 77.5715235446 153 154
Ca 98.3224207723 153 154
Ca 113.627261339 153 154
Ca 114.933427755 153 154
Ca 97.6065307631 153 154
Ca 74.6387006273 153 154
Ca 61.286098343 153 154
Ca 62.0036142612 158 159
Ca 77.7285025169 158 159
Ca 91.5911323337 158 159
Ca 98.4140840659 158 159
Ca 98.4155018953 158 159
Ca 96.8545538227 158 159
Ca 89.9240155695 158 159
Ca 79.3867100706 158 159
Ca 71.0526468917 170 171
Ca 87.0959175372 170 171
Ca 114.236152922 170 171
Ca 150.081616971 170 171
Ca 150.735437506 170 171
Ca 104.472958361 170 171
Ca 73.5367872076 170 171
Ca 57.6813753443 170 171
Ca 49.4252007282 230 231
Ca 71.2790379103 230 231
Ca 106.645569572 230 231
Ca 155.165816047 230 231
Ca 149.400796695 230 231
Ca 112.845677043 230 231
Ca 82.8159425025 230 231
Ca 63.3612529039 230 231
Ca 77.7851720206 243 244
Ca 88.2450823131 243 244
Ca 97.602426257 243 244
Ca 99.3287783626 243 244
Ca 94.0171076994 243 244
Ca 83.6497688777 243 244
Ca 63.7587558155 243 244
Ca 46.3492684883 243 244
Ca 39.6541108244 255 256
Ca 62.1466546297 255 256
Ca 103.427803883 255 256
Ca 138.466020588 255 256
Ca 143.480561447 255 256
Ca 108.863715599 255 256
Ca 69.2311115889 255 256
Ca 50.612134708 255 256
Ca 77.7530012129 269 270
Ca 93.0763275214 269 270
Ca 111.059834083 269 270
Ca 128.37267539 269 270
Ca 127.260785033 269 270
Ca 104.248678351 269 270
Ca 78.0174572654 269 270
Ca 61.204285951 269 270
Ca 78.3616581444 288 289
Ca 90.6713903355 288 289
Ca 99.2436035617 288 289
Ca 102.086382681 288 289
Ca 99.8087913665 288 289
Ca 94.8069881371 288 289
Ca 84.0486650884 288 289
Ca 71.6098054522 288 289
Ca 80.0015013411 295 296
Ca 92.2462613674 295 296
Ca 101.104653862 295 296
Ca 105.538646835 295 296
Ca 104.491874788 295 296
Ca 102.216487928 295 296
Ca 94.9402470786 295 296
Ca 82.897785375 295 296
Ca 32.8402556438 338 339
Ca 53.7066905375 338 339
Ca 85.1265887681 338 339
Ca 102.203317035 338 339
Ca 104.566488328 338 339
Ca 95.4953896368 338 339
Ca 69.5876362278 338 339
Ca 45.1340284934 338 339
Ca 80.0056601404 344 345
Ca 91.3002497439 344 345
Ca 98.8656504468 344 345
Ca 101.080560317 344 345
Ca 99.1453334071 344 345
Ca 94.4143694746 344 345
Ca 83.9677145493 344 345
Ca 70.3966630264 344 345
Ca 80.0056601404 344 345
Ca 91.3002497439 344 345
Ca 98.8656504468 344 345
Ca 101.080560317 344 345
Ca 99.1453334071 344 345
Ca 94.4143694746 344 345
Ca 83.9677145493 344 345
Ca 70.3966630264 344 345
Ca 43.3314486288 357 358
Ca 66.3342533238 357 358
Ca 108.537029006 357 358
Ca 163.268460849 357 358
Ca 149.637071281 357 358
Ca 106.48459306 357 358
Ca 74.1421426393 357 358
Ca 55.9421460466 357 358
Ca 45.124133895 359 360
Ca 64.3573303428 359 360
Ca 98.2269327833 359 360
Ca 135.86777534 359 360
Ca 132.364388394 359 360
Ca 109.053190238 359 360
Ca 85.041533664 359 360
Ca 69.4949681849 359 360
Ca 33.8454251668 376 377
Ca 60.7779892447 376 377
Ca 96.429168116 376 377
Ca 113.50556169 376 377
Ca 111.721839173 376 377
Ca 90.3512189977 376 377
Ca 54.6111040885 376 377
Ca 32.3664225744 376 377
Ca 55.2057445206 386 387
Ca 72.9283273854 386 387
Ca 96.349526273 386 387
Ca 116.823846111 386 387
Ca 115.134566186 386 387
Ca 104.086832407 386 387
Ca 87.5632086888 386 387
Ca 75.4109822464 386 387
Ca 41.2633041615 411 412
Ca 59.2087151764 411 412
Ca 98.9745725579 411 412
Ca 123.914726213 411 412
Ca 120.650603867 411 412
Ca 88.2440303512 411 412
Ca 43.3048906659 411 412
Ca 24.8274725532 411 412
Ca 62.7820786603 416 417
Ca 77.7723718933 416 417
Ca 93.8975128644 416 417
Ca 105.653356177 416 417
Ca 106.34698298 416 417
Ca 95.7784570029 416 417
Ca 79.3407789003 416 417
Ca 60.3303672945 416 417
Ca 74.6798438355 425 426
Ca 88.4975096074 425 426
Ca 100.668568544 425 426
Ca 10.5795417348 425 426
Ca 5.38276974163 425 426
Ca 3.6143041143 425 426
Ca 2.7238495196 425 426
Ca 2.18393092037 425 426
Ca 64.3371565245 435 436
Ca 85.3506799344 435 436
Ca 115.550793642 435 436
Ca 153.751734681 435 436
Ca 156.289076253 435 436
Ca 109.527528086 435 436
Ca 72.4099144591 435 436
Ca 53.3574518136 435 436
Ca 78.5869173677 460 461
Ca 91.159152371 460 461
Ca 101.188491742 460 461
Ca 105.513762348 460 461
Ca 99.7035114748 460 461
Ca 91.4378899251 460 461
Ca 77.6788833178 460 461
Ca 64.3681658747 460 461
Ca 41.8728349667 463 464
Ca 57.6439245175 463 464
Ca 91.2026206027 463 464
Ca 118.564854694 463 464
Ca 123.733131518 463 464
Ca 103.332579235 463 464
Ca 65.1131981692 463 464
Ca 41.4517855264 463 464
Ca 58.2456893081 475 476
Ca 75.0383774626 475 476
Ca 93.9823309181 475 476
Ca 106.799992221 475 476
Ca 110.580023163 475 476
Ca 97.0833042937 475 476
Ca 67.1695646449 475 476
Ca 44.155823477 475 476
Ca 48.2016884622 492 493
Ca 67.1377662043 492 493
Ca 100.680714784 492 493
Ca 144.793404041 492 493
Ca 137.142387711 492 493
Ca 109.318519582 492 493
Ca 84.277668651 492 493
Ca 69.7103247537 492 493
Ca 58.3364176066 497 498
Ca 74.3441901885 497 498
Ca 101.256216986 497 498
Ca 124.40257894 497 498
Ca 129.25250847 497 498
Ca 96.5209480199 497 498
Ca 61.5826081083 497 498
Ca 43.3797369482 497 498
Ca 44.5623038832 501 502
Ca 65.3821652508 501 502
Ca 99.600148417 501 502
Ca 140.487097794 501 502
Ca 133.693188914 501 502
Ca 111.580735722 501 502
Ca 89.4883876336 501 502
Ca 74.2599911032 501 502
Ca 78.4282897415 521 522
Ca 91.8385509916 521 522
Ca 109.345964556 521 522
Ca 119.212218554 521 522
Ca 112.176682001 521 522
Ca 90.1417752994 521 522
Ca 55.4023961756 521 522
Ca 33.3435595635 521 522
Ca 32.5531190194 8 9
Ca 53.8457784876 8 9
Ca 103.125929728 8 9
Ca 145.636924192 8 9
Ca 163.531090974 8 9
Ca 100.529762185 8 9
Ca 53.9565639 8 9
Ca 39.1515870022 8 9
Ca 82.2001106339 28 29
Ca 93.6262973304 28 29
Ca 102.70632768 28 29
Ca 106.414948944 28 29
Ca 103.857822334 28 29
Ca 99.5897779418 28 29
Ca 90.332525135 28 29
Ca 76.9211658321 28 29
Ca 50.4141703393 52 53
Ca 68.8663198409 52 53
Ca 96.0626041837 52 53
Ca 114.259266054 52 53
Ca 111.589442927 52 53
Ca 90.7018286199 52 53
Ca 53.8964160007 52 53
Ca 33.861338861 52 53
Ca 48.3995144093 61 62
Ca 70.5436557899 61 62
Ca 109.270010041 61 62
Ca 146.870887579 61 62
Ca 143.970365708 61 62
Ca 97.048576472 61 62
Ca 53.0023797649 61 62
Ca 31.9119108792 61 62
Ca 49.8980884291 64 65
Ca 66.9619148418 64 65
Ca 89.0312446958 64 65
Ca 103.737050501 64 65
Ca 104.646650188 64 65
Ca 91.2843475356 64 65
Ca 67.6030473357 64 65
Ca 48.6185347991 64 65
Ca 57.9234178234 87 88
Ca 73.284010553 87 88
Ca 94.5734712402 87 88
Ca 105.886630024 87 88
Ca 101.150072016 87 88
Ca 82.552027015 87 88
Ca 53.0654883392 87 88
Ca 34.2668091007 87 88
Ca 49.3071825141 88 89
Ca 67.1481134837 88 89
Ca 95.4174794515 88 89
Ca 117.724231321 88 89
Ca 119.897459808 88 89
Ca 103.320231968 88 89
Ca 73.0736496775 88 89
Ca 48.0537745046 88 89
Ca 76.8700308421 109 110
Ca 91.4064034358 109 110
Ca 103.393572063 109 110
Ca 107.458699211 109 110
Ca 101.445604407 109 110
Ca 94.2220396294 109 110
Ca 81.4426878608 109 110
Ca 66.1234867023 109 110
Ca 34.4087084303 112 113
Ca 57.181440994 112 113
Ca 97.5696592117 112 113
Ca 118.061978584 112 113
Ca 120.584983479 112 113
Ca 101.204719804 112 113
Ca 66.9421739268 112 113
Ca 43.4745076032 112 113
Ca 47.8939997477 136 137
Ca 70.7972403102 136 137
Ca 106.752075929 136 137
Ca 139.885208611 136 137
Ca 144.411843526 136 137
Ca 100.820235473 136 137
Ca 58.0334656937 136 137
Ca 37.3350606341 136 137
Ca 44.9932596274 140 141
Ca 65.0059283361 140 141
Ca 93.9492548132 140 141
Ca 110.710597021 140 141
Ca 107.516537079 140 141
Ca 89.8671774981 140 141
Ca 55.4045084984 140 141
Ca 36.1918471208 140 141
Ca 58.5727974197 153 154
Ca 77.4124055045 153 154
Ca 98.5492056502 153 154
Ca 114.235860212 153 154
Ca 115.416942365 153 154
Ca 97.5841979163 153 154
Ca 74.195821041 153 154
Ca 60.7617500498 153 154
Ca 61.244898004 158 159
Ca 76.7762551606 158 159
Ca 90.8290137153 158 159
Ca 98.180951552 158 159
Ca 98.6158973239 158 159
Ca 97.3107528603 158 159
Ca 90.4489477167 158 159
Ca 80.2952139652 158 159
Ca 71.8409380541 170 171
Ca 87.8093322938 170 171
Ca 114.719596836 170 171
Ca 150.518734068 170 171
Ca 150.677267204 170 171
Ca 104.910264282 170 171
Ca 74.3819404193 170 171
Ca 58.5450931346 170 171
Ca 48.7040887262 230 231
Ca 70.7642827972 230 231
Ca 106.986841544 230 231
Ca 156.614130638 230 231
Ca 150.47113996 230 231
Ca 112.719369912 230 231
Ca 81.5512897495 230 231
Ca 61.5202248246 230 231
Ca 72.6988334399 244 245
Ca 89.5331748621 244 245
Ca 111.068731599 244 245
Ca 134.84394207 244 245
Ca 131.382607289 244 245
Ca 100.720596387 244 245
Ca 70.5249263099 244 245
Ca 53.49533144 244 245
Ca 39.4199729768 255 256
Ca 61.8253832973 255 256
Ca 103.514014586 255 256
Ca 139.127214297 255 256
Ca 144.388477342 255 256
Ca 108.799402591 255 256
Ca 68.9434430481 255 256
Ca 50.6098155473 255 256
Ca 77.1273309011 269 270
Ca 92.5058831522 269 270
Ca 110.809781322 269 270
Ca 128.646464545 269 270
Ca 127.573657627 269 270
Ca 104.88170413 269 270
Ca 78.8329815081 269 270
Ca 62.1233857292 269 270
Ca 72.1689378944 289 290
Ca 85.044668137 289 290
Ca 95.626431877 289 290
Ca 102.187629768 289 290
Ca 101.614276725 289 290
Ca 99.3315608834 289 290
Ca 91.0340174106 289 290
Ca 79.0732755267 289 290
Ca 79.2289348192 295 296
Ca 91.6806090671 295 296
Ca 100.836126778 295 296
Ca 105.534997282 295 296
Ca 104.53218965 295 296
Ca 102.13686072 295 296
Ca 94.6897990329 295 296
Ca 82.6206713404 295 296
Ca 34.0002389126 338 339
Ca 54.429114935 338 339
Ca 84.8157583276 338 339
Ca 101.554144465 338 339
Ca 103.735136939 338 339
Ca 94.5718783782 338 339
Ca 68.2013163776 338 339
Ca 43.7432187138 338 339
Ca 77.170632991 356 357
Ca 90.8883149221 356 357
Ca 110.976812152 356 357
Ca 128.170103322 356 357
Ca 123.202029403 356 357
Ca 96.4767633855 356 357
Ca 56.487848085 356 357
Ca 33.5560037731 356 357
Ca 48.2583450625 359 360
Ca 68.6834602616 359 360
Ca 101.471493528 359 360
Ca 136.698406821 359 360
Ca 133.808021758 359 360
Ca 109.447842925 359 360
Ca 85.0752059841 359 360
Ca 69.3518897492 359 360
Ca 34.8814697356 376 377
Ca 61.5666498816 376 377
Ca 97.0650349121 376 377
Ca 114.287935526 376 377
Ca 112.99769024 376 377
Ca 92.1596108352 376 377
Ca 56.9441891745 376 377
Ca 34.1860438374 376 377
Ca 54.923043582 386 387
Ca 72.7024219213 386 387
Ca 95.9890497385 386 387
Ca 116.163449995 386 387
Ca 114.670383935 386 387
Ca 104.003755419 386 387
Ca 87.7238548635 386 387
Ca 75.7513568026 386 387
Ca 74.6255726126 410 411
Ca 87.215716793 410 411
Ca 105.575932715 410 411
Ca 120.69484654 410 411
Ca 125.533453269 410 411
Ca 91.3656081814 410 411
Ca 57.7819697987 410 411
Ca 40.518791221 410 411
Ca 61.4181001081 416 417
Ca 76.7268606688 416 417
Ca 93.3987584147 416 417
Ca 105.791713465 416 417
Ca 106.562749551 416 417
Ca 95.9960028599 416 417
Ca 79.6844368463 416 417
Ca 60.9630765952 416 417
Ca 75.9832376132 425 426
Ca 89.8164146004 425 426
Ca 101.456332186 425 426
Ca 106.299099317 425 426
Ca 104.116069119 425 426
Ca 97.8385022203 425 426
Ca 84.5448205123 425 426
Ca 67.568804882 425 426
Ca 64.7644663852 435 436
Ca 85.8038639777 435 436
Ca 115.868805925 435 436
Ca 153.759619789 435 436
Ca 156.778480826 435 436
Ca 109.234572927 435 436
Ca 71.8331946367 435 436
Ca 52.8914143062 435 436
Ca 60.2894849414 462 463
Ca 75.6565844427 462 463
Ca 100.935839319 462 463
Ca 118.095900367 462 463
Ca 117.33125366 462 463
Ca 88.5901635925 462 463
Ca 54.2164543137 462 463
Ca 35.3890473325 462 463
Ca 40.6441029829 463 464
Ca 55.991858981 463 464
Ca 89.8093698407 463 464
Ca 118.177720262 463 464
Ca 123.341269261 463 464
Ca 103.29587182 463 464
Ca 65.2402861716 463 464
Ca 41.5918334488 463 464
Ca 57.5367176719 475 476
Ca 74.3782235231 475 476
Ca 93.925428959 475 476
Ca 107.407033117 475 476
Ca 111.309452899 475 476
Ca 97.3636033075 475 476
Ca 66.6752978154 475 476
Ca 43.3466981049 475 476
Ca 49.9155423173 492 493
Ca 68.8133574769 492 493
Ca 100.90290981 492 493
Ca 142.924340524 492 493
Ca 135.509346466 492 493
Ca 109.343410058 492 493
Ca 85.3976186622 492 493
Ca 70.7581017004 492 493
Ca 56.2524240279 497 498
Ca 72.7371702039 497 498
Ca 101.651877637 497 498
Ca 126.982316381 497 498
Ca 132.302632558 497 498
Ca 98.417053572 497 498
Ca 63.4984806094 497 498
Ca 44.9657580625 497 498
Ca 44.5802504366 501 502
Ca 65.2848850495 501 502
Ca 99.0349148997 501 502
Ca 138.321069406 501 502
Ca 131.844397694 501 502
Ca 110.651492481 501 502
Ca 88.9116936529 501 502
Ca 73.717020445 501 502
Ca 78.9920389943 521 522
Ca 92.1156296877 521 522
Ca 109.378436256 521 522
Ca 119.361085972 521 522
Ca 112.056440495 521 522
Ca 89.5521267019 521 522
Ca 54.8687849061 521 522
Ca 32.7435816893 521 522
Ca 31.9507462391 8 9
Ca 52.683236982 8 9
Ca 102.607932073 8 9
Ca 146.63152519 8 9
Ca 165.27116879 8 9
Ca 100.478122621 8 9
Ca 52.7766092318 8 9
Ca 38.377885664 8 9
Ca 79.5322266297 30 31
Ca 93.168331814 30 31
Ca 102.631292644 30 31
Ca 106.22228142 30 31
Ca 103.986538256 30 31
Ca 91.7949479848 30 31
Ca 75.3157713458 30 31
Ca 59.1708437804 30 31
Ca 48.0029765677 53 54
Ca 68.7549350878 53 54
Ca 101.031429152 53 54
Ca 139.267311365 53 54
Ca 135.65353571 53 54
Ca 110.39259127 53 54
Ca 85.8886322462 53 54
Ca 69.9287327747 53 54
Ca 46.8502653456 61 62
Ca 68.8109544028 61 62
Ca 108.825499221 61 62
Ca 148.650338224 61 62
Ca 146.098942555 61 62
Ca 97.0741694023 61 62
Ca 51.606564026 61 62
Ca 30.7564182143 61 62
Ca 48.7735479277 64 65
Ca 65.983446639 64 65
Ca 88.5635567196 64 65
Ca 103.923650922 64 65
Ca 104.978784048 64 65
Ca 91.5939026499 64 65
Ca 67.5978136965 64 65
Ca 48.5607080845 64 65
Ca 58.5314562434 87 88
Ca 73.7686302982 87 88
Ca 94.7507494979 87 88
Ca 105.751925841 87 88
Ca 101.084636562 87 88
Ca 82.7290295415 87 88
Ca 53.4682106172 87 88
Ca 34.447111022 87 88
Ca 49.9269500789 88 89
Ca 67.5763413421 88 89
Ca 95.8633877513 88 89
Ca 117.90135125 88 89
Ca 119.975714254 88 89
Ca 103.405109094 88 89
Ca 73.3010003355 88 89
Ca 48.4918196484 88 89
Ca 77.1813173956 109 110
Ca 91.6472150853 109 110
Ca 103.402256721 109 110
Ca 107.016521556 109 110
Ca 100.858997116 109 110
Ca 93.431399263 109 110
Ca 80.3377081435 109 110
Ca 64.9169363346 109 110
Ca 35.2735016631 112 113
Ca 58.0424942826 112 113
Ca 97.6658573811 112 113
Ca 117.777628292 112 113
Ca 120.445840883 112 113
Ca 101.350076402 112 113
Ca 67.574308441 112 113
Ca 44.318779751 112 113
Ca 47.2529008492 136 137
Ca 70.4823271634 136 137
Ca 106.779963875 136 137
Ca 140.029435493 136 137
Ca 144.250705867 136 137
Ca 101.573166007 136 137
Ca 58.4161814896 136 137
Ca 37.3842911419 136 137
Ca 44.3243759646 140 141
Ca 64.5320905341 140 141
Ca 93.7826971912 140 141
Ca 110.471465984 140 141
Ca 107.158190699 140 141
Ca 89.6460571058 140 141
Ca 56.0116254838 140 141
Ca 37.1259688784 140 141
Ca 58.7583636408 153 154
Ca 77.5240483033 153 154
Ca 98.4360194496 153 154
Ca 113.888154439 153 154
Ca 115.152143844 153 154
Ca 97.5482984905 153 154
Ca 74.0286846944 153 154
Ca 60.4800659128 153 154
Ca 56.1657149366 156 157
Ca 71.1557849148 156 157
Ca 100.798949719 156 157
Ca 134.225692051 156 157
Ca 132.656580958 156 157
Ca 104.357578354 156 157
Ca 75.3240349792 156 157
Ca 55.8861574412 156 157
Ca 70.6677640024 170 171
Ca 86.7547893008 170 171
Ca 113.903252656 170 171
Ca 149.206350491 170 171
Ca 150.420931212 170 171
Ca 104.504425398 170 171
Ca 73.6808663115 170 171
Ca 57.7978329788 170 171
Ca 48.5506571957 230 231
Ca 70.7728780066 230 231
Ca 107.115386665 230 231
Ca 156.150778609 230 231
Ca 150.063163895 230 231
Ca 112.553162943 230 231
Ca 81.7825773965 230 231
Ca 62.0133973232 230 231
Ca 177.225961476 244 245
Ca 177.892353473 244 245
Ca 178.506100685 244 245
Ca 179.106249451 244 245
Ca 179.416925148 244 245
Ca 179.424743453 244 245
Ca 179.119113512 244 245
Ca 178.465982986 244 245
Ca 38.7435132853 255 256
Ca 61.0584197376 255 256
Ca 103.285643763 255 256
Ca 139.724970195 255 256
Ca 145.097897751 255 256
Ca 109.177208488 255 256
Ca 69.0855423867 255 256
Ca 50.6699587896 255 256
Ca 77.2970018874 269 270
Ca 92.5750316253 269 270
Ca 110.791960861 269 270
Ca 128.437305508 269 270
Ca 127.35594207 269 270
Ca 104.4050311 269 270
Ca 78.2480618543 269 270
Ca 61.5691213261 269 270
Ca 77.43386687 284 285
Ca 87.5914291201 284 285
Ca 98.3867404667 284 285
Ca 103.22785625 284 285
Ca 105.889678813 284 285
Ca 99.5004601545 284 285
Ca 87.9601527974 284 285
Ca 74.5189713807 284 285
Ca 78.9537441166 295 296
Ca 91.5598063476 295 296
Ca 100.836931579 295 296
Ca 105.565765495 295 296
Ca 104.565332069 295 296
Ca 102.078838223 295 296
Ca 94.5263108424 295 296
Ca 82.3506388386 295 296
Ca 33.3342275097 338 339
Ca 53.676898073 338 339
Ca 84.597076811 338 339
Ca 101.856804861 338 339
Ca 104.220998295 338 339
Ca 95.0692332735 338 339
Ca 68.6002684988 338 339
Ca 44.1435478388 338 339
Ca 48.1201927127 357 358
Ca 71.25932246 357 358
Ca 110.562735264 357 358
Ca 163.785321678 357 358
Ca 153.586920041 357 358
Ca 109.365561958 357 358
Ca 78.3159116011 357 358
Ca 59.8597049609 357 358
Ca 48.8731161892 359 360
Ca 69.5173388574 359 360
Ca 102.846109883 359 360
Ca 139.002351917 359 360
Ca 135.554951774 359 360
Ca 110.245165308 359 360
Ca 85.5269980063 359 360
Ca 69.6970489261 359 360
Ca 37.0397273137 376 377
Ca 64.0368976273 376 377
Ca 98.5805781924 376 377
Ca 114.80772277 376 377
Ca 112.682413723 376 377
Ca 92.537912787 376 377
Ca 59.0115111276 376 377
Ca 36.0756470121 376 377
Ca 48.1444786344 385 386
Ca 65.9621597262 385 386
Ca 88.6266764479 385 386
Ca 101.142895552 385 386
Ca 98.3797243083 385 386
Ca 85.8139394315 385 386
Ca 61.0281515087 385 386
Ca 46.2184653223 385 386
Ca 42.5900030542 411 412
Ca 61.0533060136 411 412
Ca 99.8470306164 411 412
Ca 122.610726978 411 412
Ca 119.248901968 411 412
Ca 87.5473654182 411 412
Ca 43.4996945787 411 412
Ca 25.0417788481 411 412
Ca 73.7244597118 417 418
Ca 90.2057486071 417 418
Ca 108.989096968 417 418
Ca 126.572431245 417 418
Ca 133.312170174 417 418
Ca 114.164594596 417 418
Ca 91.3221229258 417 418
Ca 74.3695306354 417 418
Ca 75.0536808187 425 426
Ca 88.7877423059 425 426
Ca 100.825524034 425 426
Ca 106.1897673 425 426
Ca 104.101539295 425 426
Ca 97.5996469171 425 426
Ca 83.9238394646 425 426
Ca 66.7898626291 425 426
Ca 63.8640924386 435 436
Ca 85.2442646891 435 436
Ca 115.869992798 435 436
Ca 154.303318064 435 436
Ca 157.682909524 435 436
Ca 109.58099646 435 436
Ca 71.7020249908 435 436
Ca 52.602515953 435 436
Ca 61.5525077043 462 463
Ca 76.4740168279 462 463
Ca 100.682062201 462 463
Ca 117.090870851 462 463
Ca 115.98731043 462 463
Ca 87.645117238 462 463
Ca 53.9335854175 462 463
Ca 35.2307004164 462 463
Ca 41.6675075223 463 464
Ca 56.9996892787 463 464
Ca 90.6391925863 463 464
Ca 118.569989689 463 464
Ca 123.609090829 463 464
Ca 102.870274311 463 464
Ca 64.0867843391 463 464
Ca 40.6652693545 463 464
Ca 57.6920814308 475 476
Ca 74.4729657367 475 476
Ca 93.4030671478 475 476
Ca 106.212469425 475 476
Ca 110.101963567 475 476
Ca 97.2253301234 475 476
Ca 68.2367598832 475 476
Ca 45.2481806449 475 476
Ca 48.5900120946 492 493
Ca 67.7369657024 492 493
Ca 100.766664542 492 493
Ca 142.146550075 492 493
Ca 134.606235452 492 493
Ca 108.4732278 492 493
Ca 84.4287092396 492 493
Ca 69.5711286343 492 493
Ca 55.964976936 497 498
Ca 73.2301942437 497 498
Ca 103.647845167 497 498
Ca 129.887720823 497 498
Ca 135.170896804 497 498
Ca 99.2847476905 497 498
Ca 63.5051873846 497 498
Ca 44.8160696381 497 498
Ca 43.6080815757 501 502
Ca 64.2915298077 501 502
Ca 98.514166003 501 502
Ca 138.587117369 501 502
Ca 131.889619664 501 502
Ca 111.078090961 501 502
Ca 89.6160633171 501 502
Ca 74.6246705927 501 502
Ca 79.2883205043 521 522
Ca 92.1892548559 521 522
Ca 108.73956081 521 522
Ca 117.852475488 521 522
Ca 110.335590425 521 522
Ca 88.525945815 521 522
Ca 54.0197616617 521 522
Ca 31.9721540591 521 522
Ca 41.9711774395 10 11
Ca 58.592970391 10 11
Ca 79.4723892194 10 11
Ca 96.7056389438 10 11
Ca 100.058361407 10 11
Ca 94.0385663593 10 11
Ca 83.1962498589 10 11
Ca 69.6108595997 10 11
Ca 82.1402172934 28 29
Ca 93.7225422821 28 29
Ca 103.0115806 28 29
Ca 107.033088054 28 29
Ca 104.353129714 28 29
Ca 100.075746883 28 29
Ca 90.8953883577 28 29
Ca 77.5221831161 28 29
Ca 47.2341799491 53 54
Ca 68.0881945944 53 54
Ca 100.952675535 53 54
Ca 139.593509435 53 54
Ca 135.798239218 53 54
Ca 110.438987659 53 54
Ca 85.8488672474 53 54
Ca 69.788610165 53 54
Ca 48.0337545839 61 62
Ca 69.7549736021 61 62
Ca 108.74669094 61 62
Ca 148.494113383 61 62
Ca 144.789034615 61 62
Ca 99.2181513132 61 62
Ca 56.584042033 61 62
Ca 34.6339034332 61 62
Ca 50.069418516 64 65
Ca 67.2866837815 64 65
Ca 89.1751696222 64 65
Ca 103.525210076 64 65
Ca 104.510802137 64 65
Ca 91.3731230114 64 65
Ca 67.9281022459 64 65
Ca 48.745381052 64 65
Ca 56.6827810598 87 88
Ca 72.5802339277 87 88
Ca 94.9069021185 87 88
Ca 106.981264978 87 88
Ca 102.789060633 87 88
Ca 83.3512566149 87 88
Ca 52.9413931736 87 88
Ca 34.2434898987 87 88
Ca 47.6337855868 88 89
Ca 65.0353305567 88 89
Ca 94.1739030577 88 89
Ca 117.064002657 88 89
Ca 118.926483244 88 89
Ca 102.468835755 88 89
Ca 72.2096315562 88 89
Ca 47.5162914981 88 89
Ca 75.5677976485 109 110
Ca 90.426784852 109 110
Ca 102.267008702 109 110
Ca 105.819236411 109 110
Ca 99.8438480815 109 110
Ca 92.6690885194 109 110
Ca 79.6884076711 109 110
Ca 64.3138348421 109 110
Ca 35.4708640735 112 113
Ca 58.3360956384 112 113
Ca 97.3082127663 112 113
Ca 117.307009009 112 113
Ca 119.775561392 112 113
Ca 100.55753897 112 113
Ca 67.3134092371 112 113
Ca 44.2725347431 112 113
Ca 48.4869335473 136 137
Ca 71.4613838397 136 137
Ca 108.429517884 136 137
Ca 145.847707837 136 137
Ca 149.323120964 136 137
Ca 102.189776514 136 137
Ca 57.9359546887 136 137
Ca 36.6227629154 136 137
Ca 41.4391826922 140 141
Ca 61.0216315599 140 141
Ca 91.0957548871 140 141
Ca 108.763206094 140 141
Ca 106.51799401 140 141
Ca 91.0939487747 140 141
Ca 60.7520456184 140 141
Ca 41.6433978682 140 141
Ca 59.8480190374 153 154
Ca 78.0684991375 153 154
Ca 98.0548482425 153 154
Ca 112.807352174 153 154
Ca 114.145800226 153 154
Ca 97.129842731 153 154
Ca 73.9385376889 153 154
Ca 60.4452247638 153 154
Ca 61.0938748665 158 159
Ca 76.5936002716 158 159
Ca 90.6246273395 158 159
Ca 97.9715396339 158 159
Ca 98.7055410507 158 159
Ca 97.3723670241 158 159
Ca 90.0871250398 158 159
Ca 80.1203173837 158 159
Ca 71.614037684 170 171
Ca 87.5823702479 170 171
Ca 114.519417695 170 171
Ca 150.45643292 170 171
Ca 151.062841847 170 171
Ca 104.827184122 170 171
Ca 74.1284729998 170 171
Ca 58.2838550931 170 171
Ca 49.8154473153 230 231
Ca 71.7483225697 230 231
Ca 107.085869856 230 231
Ca 155.296340464 230 231
Ca 149.95861796 230 231
Ca 112.696847348 230 231
Ca 82.1357957977 230 231
Ca 62.2417299516 230 231
Ca 73.8481960028 244 245
Ca 90.4011565605 244 245
Ca 110.433284822 244 245
Ca 130.811283823 244 245
Ca 127.239020519 244 245
Ca 99.5918377537 244 245
Ca 70.3882373235 244 245
Ca 53.6568796881 244 245
Ca 37.3642348 255 256
Ca 59.4996576655 255 256
Ca 102.725847384 255 256
Ca 139.623776867 255 256
Ca 144.289822192 255 256
Ca 109.115903461 255 256
Ca 68.9159598904 255 256
Ca 50.433431896 255 256
Ca 77.8570658181 269 270
Ca 92.9727263517 269 270
Ca 111.087795391 269 270
Ca 128.590418337 269 270
Ca 127.414348692 269 270
Ca 104.308633262 269 270
Ca 77.8213467692 269 270
Ca 60.9045760203 269 270
Ca 76.9312519666 284 285
Ca 87.2483426116 284 285
Ca 98.2222963356 284 285
Ca 103.250741121 284 285
Ca 105.897852105 284 285
Ca 99.315007391 284 285
Ca 87.5803865925 284 285
Ca 74.0541326627 284 285
Ca 79.8049698256 295 296
Ca 92.2085686895 295 296
Ca 101.203095862 295 296
Ca 105.700851015 295 296
Ca 104.572062281 295 296
Ca 102.038413798 295 296
Ca 94.465445692 295 296
Ca 82.2744913808 295 296
Ca 32.8008324531 338 339
Ca 53.122116284 338 339
Ca 84.7279880636 338 339
Ca 102.336294966 338 339
Ca 104.59516957 338 339
Ca 95.1075299658 338 339
Ca 68.1155759109 338 339
Ca 43.4707776621 338 339
Ca 76.1768635803 356 357
Ca 89.9619763804 356 357
Ca 110.607347872 356 357
Ca 128.564726365 356 357
Ca 124.157221502 356 357
Ca 98.2409502657 356 357
Ca 57.9894518103 356 357
Ca 34.1662527331 356 357
Ca 49.6719588528 359 360
Ca 70.2587788599 359 360
Ca 103.104378347 359 360
Ca 138.530807177 359 360
Ca 135.187305954 359 360
Ca 109.603795068 359 360
Ca 84.309685938 359 360
Ca 67.990997689 359 360
Ca 34.7329341855 376 377
Ca 61.5446662847 376 377
Ca 96.5396238005 376 377
Ca 113.231938362 376 377
Ca 111.11722527 376 377
Ca 89.8268520283 376 377
Ca 55.4381420486 376 377
Ca 33.3661877102 376 377
Ca 54.541487879 386 387
Ca 72.5268115077 386 387
Ca 96.1497341513 386 387
Ca 116.159615365 386 387
Ca 114.373170506 386 387
Ca 103.699372196 386 387
Ca 87.5209606905 386 387
Ca 75.5521126919 386 387
Ca 44.0160712215 411 412
Ca 62.1739704743 411 412
Ca 99.0332401761 411 412
Ca 122.270671429 411 412
Ca 118.895652792 411 412
Ca 87.3894995279 411 412
Ca 44.3540295961 411 412
Ca 25.6510879994 411 412
Ca 74.1276056814 417 418
Ca 90.3659953909 417 418
Ca 108.501846211 417 418
Ca 125.248043027 417 418
Ca 131.506178692 417 418
Ca 113.200634296 417 418
Ca 90.6259762342 417 418
Ca 73.9352870017 417 418
Ca 81.3275200759 423 424
Ca 93.3148364533 423 424
Ca 101.251766149 423 424
Ca 103.543988896 423 424
Ca 100.873154493 423 424
Ca 96.7423703229 423 424
Ca 86.2235819554 423 424
Ca 72.5295396228 423 424
Ca 64.8005426614 435 436
Ca 85.8566369985 435 436
Ca 115.862041433 435 436
Ca 153.747810092 435 436
Ca 156.40537324 435 436
Ca 108.851967405 435 436
Ca 71.545377668 435 436
Ca 52.6466879082 435 436
Ca 61.4095801599 462 463
Ca 76.7368807006 462 463
Ca 101.608969482 462 463
Ca 118.508223751 462 463
Ca 117.165500804 462 463
Ca 88.4770257226 462 463
Ca 54.8275925114 462 463
Ca 36.1699894339 462 463
Ca 40.0605262578 463 464
Ca 55.419172033 463 464
Ca 88.9850136458 463 464
Ca 116.211342853 463 464
Ca 121.491959599 463 464
Ca 102.705535289 463 464
Ca 65.4469961631 463 464
Ca 41.3891551323 463 464
Ca 58.0563885374 475 476
Ca 74.3293532102 475 476
Ca 93.4639564625 475 476
Ca 106.171321833 475 476
Ca 109.317803128 475 476
Ca 95.3821026457 475 476
Ca 63.8232955376 475 476
Ca 40.0185245951 475 476
Ca 48.6619986235 492 493
Ca 67.6164398626 492 493
Ca 100.72709842 492 493
Ca 143.829496261 492 493
Ca 136.432454839 492 493
Ca 110.357385621 492 493
Ca 86.5522789503 492 493
Ca 71.8023801647 492 493
Ca 54.9378230517 497 498
Ca 72.1670458654 497 498
Ca 103.113854444 497 498
Ca 130.154451492 497 498
Ca 135.480736163 497 498
Ca 99.1566568794 497 498
Ca 63.0070749854 497 498
Ca 44.3240721529 497 498
Ca 43.273851666 501 502
Ca 63.9467727185 501 502
Ca 98.4749034401 501 502
Ca 138.269186083 501 502
Ca 131.225902926 501 502
Ca 110.031822398 501 502
Ca 88.2368292292 501 502
Ca 72.9668594245 501 502
Ca 78.6496639074 521 522
Ca 91.6905222576 521 522
Ca 108.732300638 521 522
Ca 118.468620273 521 522
Ca 111.179058027 521 522
Ca 89.0637871223 521 522
Ca 54.2107712919 521 522
Ca 32.1055750573 521 522
Ca 32.1131216511 8 9
Ca 53.0616719945 8 9
Ca 102.809993115 8 9
Ca 146.427353723 8 9
Ca 164.851636997 8 9
Ca 100.483017999 8 9
Ca 53.5694263099 8 9
Ca 39.0271934426 8 9
Ca 81.7751047387 28 29
Ca 93.2417290442 28 29
Ca 102.430777306 28 29
Ca 106.350913688 28 29
Ca 103.748740959 28 29
Ca 99.4584243306 28 29
Ca 90.0981594822 28 29
Ca 76.7266068268 28 29
Ca 46.8744637373 53 54
Ca 68.0144106641 53 54
Ca 102.212580261 53 54
Ca 142.425143905 53 54
Ca 137.222628398 53 54
Ca 110.877248936 53 54
Ca 85.8014350525 53 54
Ca 69.5318616034 53 54
Ca 47.9344646502 61 62
Ca 70.0232103635 61 62
Ca 109.540187487 61 62
Ca 150.159685258 61 62
Ca 147.50677463 61 62
Ca 98.8386191578 61 62
Ca 54.2631203076 61 62
Ca 32.7461796537 61 62
Ca 50.2318261515 64 65
Ca 67.6187737006 64 65
Ca 89.9498970749 64 65
Ca 104.493419961 64 65
Ca 105.163375196 64 65
Ca 91.623257899 64 65
Ca 68.2307682919 64 65
Ca 49.2307594771 64 65
Ca 57.3716482185 87 88
Ca 72.7835744229 87 88
Ca 94.4362082731 87 88
Ca 106.34687301 87 88
Ca 102.039354547 87 88
Ca 83.4829770188 87 88
Ca 53.6659802639 87 88
Ca 34.9235827027 87 88
Ca 48.6028333067 88 89
Ca 66.2668411007 88 89
Ca 94.4451455044 88 89
Ca 116.875628392 88 89
Ca 118.952520176 88 89
Ca 102.930947151 88 89
Ca 73.3558684022 88 89
Ca 48.7011642264 88 89
Ca 77.2468096275 109 110
Ca 91.7417813031 109 110
Ca 103.590798724 109 110
Ca 107.418841204 109 110
Ca 101.192012184 109 110
Ca 93.6805660314 109 110
Ca 80.7466847291 109 110
Ca 65.4152290122 109 110
Ca 33.9089799878 112 113
Ca 56.6736116886 112 113
Ca 98.1985151295 112 113
Ca 119.298743437 112 113
Ca 121.848718686 112 113
Ca 101.558742507 112 113
Ca 67.0983866519 112 113
Ca 44.1376889723 112 113
Ca 48.6689695986 136 137
Ca 71.6269376585 136 137
Ca 107.914609125 136 137
Ca 142.105503128 136 137
Ca 146.726333721 136 137
Ca 101.498187337 136 137
Ca 58.0785793198 136 137
Ca 37.4033573339 136 137
Ca 44.4449330539 140 141
Ca 64.5373927451 140 141
Ca 93.7448230153 140 141
Ca 110.457054971 140 141
Ca 107.247717794 140 141
Ca 89.960060691 140 141
Ca 56.5153867885 140 141
Ca 37.4324089109 140 141
Ca 57.7233663296 153 154
Ca 76.3721767863 153 154
Ca 97.404843414 153 154
Ca 112.868223408 153 154
Ca 114.148254322 153 154
Ca 97.0586608823 153 154
Ca 73.7397713403 153 154
Ca 60.2344403624 153 154
Ca 61.6708169331 158 159
Ca 77.3769970676 158 159
Ca 91.4834071591 158 159
Ca 98.655539568 158 159
Ca 98.5770830387 158 159
Ca 97.0081640981 158 159
Ca 90.165886758 158 159
Ca 79.4701887192 158 159
Ca 71.1760110632 170 171
Ca 87.3335692104 170 171
Ca 114.444721444 170 171
Ca 150.450117049 170 171
Ca 150.719974316 170 171
Ca 104.743283449 170 171
Ca 74.1199732116 170 171
Ca 58.257945428 170 171
Ca 49.2892845807 230 231
Ca 71.186192052 230 231
Ca 106.877213353 230 231
Ca 155.093554529 230 231
Ca 150.139362268 230 231
Ca 111.999228664 230 231
Ca 80.5503417125 230 231
Ca 60.429679836 230 231
Ca 76.5921274035 244 245
Ca 92.721567673 244 245
Ca 112.805206237 244 245
Ca 134.242844434 244 245
Ca 130.171070502 244 245
Ca 100.211340268 244 245
Ca 70.1716650058 244 245
Ca 53.3232594374 244 245
Ca 39.0285364878 255 256
Ca 61.2850741481 255 256
Ca 103.013241695 255 256
Ca 138.969148666 255 256
Ca 144.105063731 255 256
Ca 108.626534215 255 256
Ca 68.6882717454 255 256
Ca 50.3738622758 255 256
Ca 76.5883876981 269 270
Ca 91.9567582635 269 270
Ca 110.155367878 269 270
Ca 127.605366862 269 270
Ca 126.639619993 269 270
Ca 104.184873374 269 270
Ca 78.0426306171 269 270
Ca 61.3017639779 269 270
Ca 76.7889825769 284 285
Ca 87.21804386 284 285
Ca 98.3369682926 284 285
Ca 103.537513136 284 285
Ca 106.361540046 284 285
Ca 100.047659961 284 285
Ca 88.6300285587 284 285
Ca 75.2193709857 284 285
Ca 79.2132888586 295 296
Ca 91.716222639 295 296
Ca 100.997935901 295 296
Ca 105.834247869 295 296
Ca 104.772026952 295 296
Ca 102.222827362 295 296
Ca 94.7139140675 295 296
Ca 82.5837095029 295 296
Ca 32.6725130751 338 339
Ca 52.8930842663 338 339
Ca 84.1465335919 338 339
Ca 101.630344305 338 339
Ca 104.142346976 338 339
Ca 95.2441618134 338 339
Ca 69.1414934807 338 339
Ca 44.8319724664 338 339
Ca 76.6199991125 356 357
Ca 90.9129319918 356 357
Ca 111.803108675 356 357
Ca 129.208588309 356 357
Ca 124.082672304 356 357
Ca 99.7925716861 356 357
Ca 60.9876021823 356 357
Ca 37.0046263506 356 357
Ca 51.4367310797 359 360
Ca 72.003551416 359 360
Ca 103.609416497 359 360
Ca 136.778498121 359 360
Ca 133.881135178 359 360
Ca 108.875094332 359 360
Ca 83.6539206712 359 360
Ca 67.5201861421 359 360
Ca 33.8052129285 376 377
Ca 60.5304621567 376 377
Ca 96.7438440171 376 377
Ca 114.357715057 376 377
Ca 112.93855965 376 377
Ca 91.9922159081 376 377
Ca 57.3067667228 376 377
Ca 34.604293877 376 377
Ca 54.9820624206 386 387
Ca 72.9202450173 386 387
Ca 96.6998424398 386 387
Ca 117.088188758 386 387
Ca 115.239204804 386 387
Ca 104.190144779 386 387
Ca 87.6620387254 386 387
Ca 75.5719172372 386 387
Ca 41.5738823455 411 412
Ca 59.8123712902 411 412
Ca 100.073482199 411 412
Ca 123.96861582 411 412
Ca 120.724177245 411 412
Ca 88.2940317878 411 412
Ca 42.7072225117 411 412
Ca 24.3985305449 411 412
Ca 73.4271320495 417 418
Ca 90.0660074791 417 418
Ca 108.582710378 417 418
Ca 125.362567258 417 418
Ca 131.886213285 417 418
Ca 113.35900555 417 418
Ca 90.6450930598 417 418
Ca 73.6125221386 417 418
Ca 74.8693437176 425 426
Ca 88.7898353627 425 426
Ca 100.663113594 425 426
Ca 105.848562118 425 426
Ca 103.819653401 425 426
Ca 97.5377589112 425 426
Ca 84.1440377054 425 426
Ca 66.9705797167 425 426
Ca 64.8683667219 435 436
Ca 85.9601876512 435 436
Ca 116.016925265 435 436
Ca 153.890029549 435 436
Ca 156.783820968 435 436
Ca 109.017998977 435 436
Ca 71.5545635706 435 436
Ca 52.6539504252 435 436
Ca 61.1569435964 462 463
Ca 76.7537665635 462 463
Ca 102.036767476 462 463
Ca 119.220151755 462 463
Ca 118.180606485 462 463
Ca 88.7945301394 462 463
Ca 54.6785489328 462 463
Ca 35.9394618896 462 463
Ca 40.4855577918 463 464
Ca 56.2083972486 463 464
Ca 90.5690097562 463 464
Ca 118.266796896 463 464
Ca 123.007167251 463 464
Ca 102.433828261 463 464
Ca 64.1976712558 463 464
Ca 40.46759805 463 464
Ca 57.8933698582 475 476
Ca 74.545396212 475 476
Ca 93.5839747731 475 476
Ca 106.585116633 475 476
Ca 110.394227732 475 476
Ca 97.0255391312 475 476
Ca 67.2785669969 475 476
Ca 44.145896843 475 476
Ca 47.6069989372 492 493
Ca 66.4760243106 492 493
Ca 99.5328694013 492 493
Ca 142.456198881 492 493
Ca 134.898933019 492 493
Ca 109.145652526 492 493
Ca 85.2201599214 492 493
Ca 70.6327699527 492 493
Ca 55.8883380939 497 498
Ca 73.0742838609 497 498
Ca 103.289019358 497 498
Ca 129.292288754 497 498
Ca 134.571266666 497 498
Ca 98.8248423328 497 498
Ca 62.9987606889 497 498
Ca 44.3925635572 497 498
Ca 44.1136444027 501 502
Ca 64.8843383928 501 502
Ca 99.1222684252 501 502
Ca 139.006089325 501 502
Ca 132.104579356 501 502
Ca 110.795954469 501 502
Ca 89.0647345172 501 502
Ca 73.8383002194 501 502
Ca 78.9974677173 521 522
Ca 91.8768422761 521 522
Ca 108.710303847 521 522
Ca 117.998637937 521 522
Ca 110.695308147 521 522
Ca 89.3606117768 521 522
Ca 55.6189566173 521 522
Ca 33.4812873514 521 522
