C 39.9098769097 10 11
C 52.9704319767 10 11
C 78.3129985577 10 11
C 102.703373303 10 11
C 111.679894401 10 11
C 107.020291806 10 11
C 92.8090117935 10 11
C 76.4733128721 10 11
C 61.4800465607 28 29
C 71.41607151 28 29
C 83.9388413231 28 29
C 98.996251221 28 29
C 110.87167045 28 29
C 109.256113433 28 29
C 95.6313564962 28 29
C 82.9406575132 28 29
C 16.4321203975 53 54
C 15.9924732676 53 54
C 53.9539307519 53 54
C 124.221151645 53 54
C 122.780092561 53 54
C 104.870679444 53 54
C 88.264649055 53 54
C 74.3969520118 53 54
C 28.6311255576 61 62
C 51.6839942514 61 62
C 108.229929888 61 62
C 148.154014954 61 62
C 153.017988173 61 62
C 109.654893167 61 62
C 25.2290092839 61 62
C 13.9343992969 61 62
C 49.2709686166 64 65
C 66.1647936112 64 65
C 93.0064267167 64 65
C 121.622856133 64 65
C 139.43717101 64 65
C 118.888116984 64 65
C 34.9998288448 64 65
C 14.70212636 64 65
C 59.7400394845 87 88
C 79.5659869195 87 88
C 105.719082775 87 88
C 127.975827736 87 88
C 145.057588071 87 88
C 106.793512472 87 88
C 58.9942606477 87 88
C 36.2892929938 87 88
C 26.6050048275 88 89
C 37.973458638 88 89
C 77.2540146306 88 89
C 116.208922759 88 89
C 124.719782667 88 89
C 105.74105894 88 89
C 62.690785343 88 89
C 35.7378968598 88 89
C 64.2507464656 109 110
C 77.43241927 109 110
C 90.9608331375 109 110
C 101.831491784 109 110
C 106.376339805 109 110
C 97.7027518706 109 110
C 75.4640430008 109 110
C 51.8605641207 109 110
C 9.17291696511 112 113
C 19.9879441785 112 113
C 64.5331579732 112 113
C 132.71912252 112 113
C 148.797256808 112 113
C 127.570890017 112 113
C 18.3887611055 112 113
C 4.03748273264 112 113
C 8.76602005239 136 137
C 11.0248838048 136 137
C 95.7761516133 136 137
C 169.170639831 136 137
C 160.923951118 136 137
C 109.403539277 136 137
C 26.0630820341 136 137
C 14.209451879 136 137
C 46.0387364869 140 141
C 65.4921857057 140 141
C 94.5713930869 140 141
C 123.311823305 140 141
C 144.669861324 140 141
C 140.694782399 140 141
C 21.4970070906 140 141
C 15.6487952222 140 141
C 31.0673428814 153 154
C 43.2080769501 153 154
C 80.7939509152 153 154
C 125.619286305 153 154
C 133.178791964 153 154
C 104.859802235 153 154
C 77.7207081972 153 154
C 58.1319812571 153 154
C 51.5003413454 158 159
C 64.5460076697 158 159
C 79.4514575804 158 159
C 95.7322725927 158 159
C 107.494912459 158 159
C 106.828497471 158 159
C 99.1539799599 158 159
C 87.545699293 158 159
C 39.4001557826 170 171
C 51.0024028969 170 171
C 88.9114782458 170 171
C 148.18085499 170 171
C 129.965671592 170 171
C 91.4217287842 170 171
C 64.3553514864 170 171
C 51.3763206252 170 171
C 17.3383488465 230 231
C 19.0877744632 230 231
C 103.664937699 230 231
C 150.187451363 230 231
C 138.07210593 230 231
C 114.482510667 230 231
C 89.0147567247 230 231
C 68.4653512022 230 231
C 36.5451314109 244 245
C 43.1641062291 244 245
C 65.4590276894 244 245
C 122.851832118 244 245
C 126.620357188 244 245
C 93.6634550841 244 245
C 64.3847688168 244 245
C 46.0507668654 244 245
C 11.9148745141 255 256
C 23.9120910996 255 256
C 71.8576869759 255 256
C 154.284816602 255 256
C 171.391105601 255 256
C 126.386405568 255 256
C 53.9923494137 255 256
C 36.6287698185 255 256
C 55.6507380784 269 270
C 65.4867248183 269 270
C 84.0921631609 269 270
C 108.630273126 269 270
C 114.011999397 269 270
C 96.2065943296 269 270
C 74.2448513282 269 270
C 50.5127701609 269 270
C 36.3059767985 282 283
C 50.8076489495 282 283
C 80.6399160637 282 283
C 112.852894638 282 283
C 123.419563928 282 283
C 110.974239429 282 283
C 95.1297522007 282 283
C 79.7732631648 282 283
C 57.2028792293 293 294
C 66.9760776298 293 294
C 80.5320014912 293 294
C 96.3310213119 293 294
C 106.962266748 293 294
C 105.254710697 293 294
C 93.1683071453 293 294
C 81.8545644663 293 294
C 44.9289551289 340 341
C 59.8218633822 340 341
C 77.9884679849 340 341
C 99.8249627199 340 341
C 114.196167416 340 341
C 114.146210403 340 341
C 99.9312321698 340 341
C 85.8432033823 340 341
C 9.51118819656 357 358
C 20.1037913471 357 358
C 71.6963111455 357 358
C 133.23701876 357 358
C 126.360755414 357 358
C 98.9905761142 357 358
C 69.8394060785 357 358
C 51.5188744253 357 358
C 29.015888234 359 360
C 37.8222519428 359 360
C 91.6462910583 359 360
C 131.277937763 359 360
C 125.906084331 359 360
C 106.77925924 359 360
C 89.3639786649 359 360
C 74.7219431057 359 360
C 34.5449380601 376 377
C 56.0913719759 376 377
C 90.4243984685 376 377
C 119.312227568 376 377
C 130.779761996 376 377
C 115.814344415 376 377
C 29.4369846729 376 377
C 12.5661646395 376 377
C 37.5505564984 386 387
C 50.6255489832 386 387
C 85.3698037546 386 387
C 106.529157365 386 387
C 111.643604925 386 387
C 101.670036648 386 387
C 90.8680495865 386 387
C 79.7075595905 386 387
C 11.6357840451 411 412
C 28.8744484477 411 412
C 98.1234716337 411 412
C 140.71481604 411 412
C 147.812155245 411 412
C 100.114772723 411 412
C 32.8322162307 411 412
C 21.982100987 411 412
C 54.6222698775 416 417
C 66.0408140584 416 417
C 80.8837060114 416 417
C 98.6788166384 416 417
C 105.125648336 416 417
C 95.6501329641 416 417
C 70.8205311527 416 417
C 45.1031313462 416 417
C 66.8443242837 425 426
C 79.3824850484 425 426
C 92.19629949 425 426
C 105.674781193 425 426
C 114.135730085 425 426
C 107.669868745 425 426
C 88.6390706846 425 426
C 70.897976334 425 426
C 37.3127014771 435 436
C 54.2074567897 435 436
C 89.380040033 435 436
C 139.57918428 435 436
C 161.310173332 435 436
C 122.764077066 435 436
C 43.5941979557 435 436
C 27.3968021617 435 436
C 55.7483788708 462 463
C 73.0678537875 462 463
C 102.251301768 462 463
C 128.603270196 462 463
C 139.846015902 462 463
C 106.185499065 462 463
C 26.2964461348 462 463
C 9.61342565453 462 463
C 16.8187962942 463 464
C 21.776120352 463 464
C 59.6173390274 463 464
C 141.161867571 463 464
C 154.504555017 463 464
C 125.510130819 463 464
C 14.885761862 463 464
C 2.38070802257 463 464
C 36.5982477742 475 476
C 47.7834128205 475 476
C 78.9163830302 475 476
C 125.963829423 475 476
C 144.206579965 475 476
C 123.843797294 475 476
C 17.8865852678 475 476
C 3.43654579224 475 476
C 21.5698109976 492 493
C 29.0946081553 492 493
C 58.0380688958 492 493
C 161.171383051 492 493
C 134.707541238 492 493
C 108.131817661 492 493
C 89.8270906127 492 493
C 76.6788251847 492 493
C 47.4879204293 497 498
C 62.6603820212 497 498
C 92.2479966279 497 498
C 134.863849642 497 498
C 143.410781237 497 498
C 98.1279540415 497 498
C 54.0470930609 497 498
C 35.1972231387 497 498
C 17.8007172401 501 502
C 23.8520535546 501 502
C 46.4063986345 501 502
C 148.956258329 501 502
C 133.347659944 501 502
C 111.50318591 501 502
C 94.9360973108 501 502
C 80.606921552 501 502
C 57.8153191113 521 522
C 74.6279277517 521 522
C 99.0179137349 521 522
C 131.706858032 521 522
C 172.363007122 521 522
C 91.2560629223 521 522
C 38.9103363769 521 522
C 23.0475869721 521 522
C 22.6060466869 8 9
C 39.3527220041 8 9
C 90.4983918021 8 9
C 148.703680952 8 9
C 169.607975904 8 9
C 116.408183133 8 9
C 51.3090645337 8 9
C 33.7496430733 8 9
C 63.0035674182 30 31
C 73.1906653497 30 31
C 84.6215929649 30 31
C 99.3993335343 30 31
C 107.032232043 30 31
C 95.8312545739 30 31
C 70.7438282087 30 31
C 48.4073518501 30 31
C 45.5448080535 52 53
C 64.2014864413 52 53
C 94.5687785495 52 53
C 126.272157522 52 53
C 148.571143087 52 53
C 119.567012287 52 53
C 24.2501384919 52 53
C 15.8043419461 52 53
C 26.6903706134 61 62
C 49.1545623332 61 62
C 107.058336793 61 62
C 147.697785712 61 62
C 152.666313967 61 62
C 111.613466112 61 62
C 25.029133744 61 62
C 13.4664583778 61 62
C 48.234472067 64 65
C 64.9384191411 64 65
C 91.9078468265 64 65
C 120.943970634 64 65
C 138.747651512 64 65
C 119.668778422 64 65
C 37.098752024 64 65
C 16.2629543571 64 65
C 61.4193994951 87 88
C 81.3320860149 87 88
C 106.970726126 87 88
C 128.516917982 87 88
C 146.524730019 87 88
C 106.483363386 87 88
C 56.2147562495 87 88
C 34.2770792084 87 88
C 25.6855335963 88 89
C 36.5074483247 88 89
C 77.6657659105 88 89
C 118.52451241 88 89
C 124.620015578 88 89
C 101.909571308 88 89
C 58.5668544068 88 89
C 34.1695956733 88 89
C 63.4897420736 109 110
C 76.685456865 109 110
C 90.5277038678 109 110
C 101.939175514 109 110
C 106.638149768 109 110
C 97.9259983555 109 110
C 76.4060446104 109 110
C 53.2002808818 109 110
C 7.83852918309 112 113
C 18.271844444 112 113
C 63.8411183698 112 113
C 135.434758762 112 113
C 149.593500559 112 113
C 125.573346868 112 113
C 21.0962278285 112 113
C 5.15446310898 112 113
C 9.31229437697 136 137
C 11.7155775398 136 137
C 99.3320931841 136 137
C 170.218970922 136 137
C 162.977574637 136 137
C 104.13146503 136 137
C 1.82546601034 136 137
C 0.754848101794 136 137
C 1.88671813684 140 141
C 2.51152986107 140 141
C 3.77954201874 140 141
C 7.72884006282 140 141
C 144.268251673 140 141
C 137.813784516 140 141
C 23.9754311211 140 141
C 16.8147542854 140 141
C 31.3064814126 153 154
C 43.213062293 153 154
C 82.5373416531 153 154
C 127.36089052 153 154
C 134.360957427 153 154
C 105.606245245 153 154
C 77.1996016418 153 154
C 57.1868991031 153 154
C 51.2035359313 158 159
C 64.1683549035 158 159
C 79.0183820992 158 159
C 95.6610590746 158 159
C 107.656407964 158 159
C 106.814959968 158 159
C 99.8217692486 158 159
C 88.563677922 158 159
C 40.2604708167 170 171
C 51.7760177659 170 171
C 88.7671363662 170 171
C 149.142620681 170 171
C 129.904708237 170 171
C 91.8889873457 170 171
C 65.4074790168 170 171
C 52.627437371 170 171
C 0.934446898187 230 231
C 1.09655920503 230 231
C 1.32553471097 230 231
C 1.67312249171 230 231
C 2.25124080656 230 231
C 3.43271555962 230 231
C 7.33399101491 230 231
C 69.0563624861 230 231
C 35.7633851859 244 245
C 42.3937773035 244 245
C 64.2407314656 244 245
C 121.520745619 244 245
C 126.05842431 244 245
C 93.302277088 244 245
C 64.2852307167 244 245
C 46.1297643603 244 245
C 13.1341741935 255 256
C 25.9615915274 255 256
C 74.8001148582 255 256
C 153.456006997 255 256
C 169.353424984 255 256
C 124.033056997 255 256
C 54.9239744094 255 256
C 37.5630617661 255 256
C 56.1902950764 269 270
C 66.202297865 269 270
C 85.0058873512 269 270
C 108.935374781 269 270
C 113.980220262 269 270
C 96.1533520862 269 270
C 73.8233578663 269 270
C 49.971347431 269 270
C 176.108302256 284 285
C 176.255646977 284 285
C 177.86634224 284 285
C 178.444134165 284 285
C 178.665406935 284 285
C 178.679095974 284 285
C 178.575989513 284 285
C 178.436670453 284 285
C 61.7869566082 295 296
C 70.5500642252 295 296
C 81.4313968753 295 296
C 94.5815084288 295 296
C 106.248104693 295 296
C 105.43627442 295 296
C 90.3543075873 295 296
C 78.1579493016 295 296
C 31.1791609529 338 339
C 43.7970275332 338 339
C 72.2849193503 338 339
C 115.517272193 338 339
C 135.526571138 338 339
C 118.669511577 338 339
C 51.1660995445 338 339
C 21.8351820453 338 339
C 179.67788546 357 358
C 179.50990297 357 358
C 179.356290851 357 358
C 179.283018773 357 358
C 178.862251116 357 358
C 178.04001335 357 358
C 176.378192667 357 358
C 171.897331984 357 358
C 5.66604967789 359 360
C 11.5777797719 359 360
C 90.0930654836 359 360
C 128.554836337 359 360
C 124.428755405 359 360
C 106.34476176 359 360
C 90.0120513342 359 360
C 75.9782445457 359 360
C 35.2033198934 376 377
C 56.5955567469 376 377
C 92.6799680134 376 377
C 124.027048485 376 377
C 136.038582551 376 377
C 105.15079191 376 377
C 19.7789063129 376 377
C 12.146436153 376 377
C 36.9636244689 386 387
C 50.0205135151 386 387
C 85.24813752 386 387
C 106.640360521 386 387
C 111.752169042 386 387
C 101.816223417 386 387
C 90.9812056891 386 387
C 79.845103135 386 387
C 10.5754209486 411 412
C 27.34269593 411 412
C 96.0776800501 411 412
C 140.234747122 411 412
C 147.21849291 411 412
C 99.2172850407 411 412
C 33.09172089 411 412
C 22.0775643663 411 412
C 52.1477485187 417 418
C 62.9657860112 417 418
C 81.0760359938 417 418
C 112.623478223 417 418
C 130.437525027 417 418
C 117.079258597 417 418
C 97.5246473187 417 418
C 81.1449273556 417 418
C 68.6509455877 425 426
C 80.8222116128 425 426
C 93.3165574053 425 426
C 106.2533571 425 426
C 113.844774359 425 426
C 106.645285438 425 426
C 87.4878516479 425 426
C 70.218731684 425 426
C 38.5768240401 435 436
C 55.844667252 435 436
C 91.0780587111 435 436
C 139.769179228 435 436
C 160.863701689 435 436
C 121.618059599 435 436
C 41.8218471502 435 436
C 26.2531664252 435 436
C 56.9299732179 462 463
C 74.4122994474 462 463
C 103.057590198 462 463
C 128.433868038 462 463
C 139.142621209 462 463
C 104.784582144 462 463
C 26.4540302832 462 463
C 9.70326989851 462 463
C 17.7590489415 463 464
C 22.9550233495 463 464
C 61.536771216 463 464
C 141.694234965 463 464
C 155.635486407 463 464
C 126.600604476 463 464
C 12.500106802 463 464
C 2.36184572098 463 464
C 37.9841294366 475 476
C 49.6117892922 475 476
C 80.2248467409 475 476
C 125.281413203 475 476
C 143.646394489 475 476
C 123.016494211 475 476
C 16.556160074 475 476
C 3.14246374272 475 476
C 21.6445787985 492 493
C 29.208420556 492 493
C 58.2897772483 492 493
C 161.523432341 492 493
C 133.609362524 492 493
C 106.839548234 492 493
C 88.654497637 492 493
C 75.9531190923 492 493
C 46.0087649933 497 498
C 60.7639221603 497 498
C 90.6747251091 497 498
C 136.198513814 497 498
C 145.254636952 497 498
C 98.4434034016 497 498
C 54.276860099 497 498
C 35.4001944258 497 498
C 16.7944580005 501 502
C 22.2776698683 501 502
C 42.9981363065 501 502
C 147.339659801 501 502
C 133.299599281 501 502
C 112.042534212 501 502
C 95.5673460656 501 502
C 81.1253865388 501 502
C 58.3002123131 521 522
C 75.0610698635 521 522
C 99.5945315327 521 522
C 132.678041674 521 522
C 170.07151305 521 522
C 95.7101176879 521 522
C 41.4436102286 521 522
C 23.9391140966 521 522
C 42.2619047486 10 11
C 55.7728753016 10 11
C 79.9597496765 10 11
C 102.005790558 10 11
C 110.50112735 10 11
C 105.967759641 10 11
C 92.3208082558 10 11
C 76.6663666779 10 11
C 61.8636282824 28 29
C 71.8499612861 28 29
C 84.0237894692 28 29
C 98.394262773 28 29
C 110.300969416 28 29
C 109.334232189 28 29
C 96.0585197862 28 29
C 83.1835540357 28 29
C 44.8723823641 52 53
C 63.4104352861 52 53
C 93.7320133455 52 53
C 125.110266524 52 53
C 146.311479314 52 53
C 112.419729661 52 53
C 25.9144042788 52 53
C 17.1918849051 52 53
C 28.0277359939 61 62
C 51.1292500909 61 62
C 106.35755282 61 62
C 146.834205114 61 62
C 152.315001326 61 62
C 107.712331354 61 62
C 26.876875275 61 62
C 15.1235537259 61 62
C 46.6220165584 64 65
C 63.2077884246 64 65
C 90.9111399514 64 65
C 120.896840109 64 65
C 138.48869087 64 65
C 119.764050267 64 65
C 40.5735600114 64 65
C 18.4852076242 64 65
C 60.5029942414 87 88
C 80.3379059987 87 88
C 106.224256604 87 88
C 128.084578142 87 88
C 146.799681188 87 88
C 106.847661188 87 88
C 54.905555569 87 88
C 33.2348658749 87 88
C 24.2950397407 88 89
C 34.091362063 88 89
C 76.2410937657 88 89
C 119.221664969 88 89
C 125.929232871 88 89
C 105.482576877 88 89
C 62.3095043963 88 89
C 35.8096011248 88 89
C 63.8706421091 109 110
C 76.7071852787 109 110
C 90.1317310516 109 110
C 101.099813134 109 110
C 105.693967101 109 110
C 96.7023286923 109 110
C 74.9968821068 109 110
C 52.069635119 109 110
C 9.18499589202 112 113
C 19.4739559042 112 113
C 64.5043371852 112 113
C 134.453507377 112 113
C 149.771046297 112 113
C 128.948132 112 113
C 20.1474528969 112 113
C 4.3470802326 112 113
C 8.15376028226 136 137
C 10.7501710671 136 137
C 74.9903491885 136 137
C 168.416573303 136 137
C 156.812896549 136 137
C 110.066676413 136 137
C 33.1015542753 136 137
C 17.3168850497 136 137
C 44.9398838718 140 141
C 64.3313657721 140 141
C 94.1210040816 140 141
C 123.555026409 140 141
C 145.257963695 140 141
C 138.151394642 140 141
C 25.4633139562 140 141
C 17.2027760705 140 141
C 31.887036916 153 154
C 43.7194008389 153 154
C 80.2155528334 153 154
C 124.394356092 153 154
C 132.886458595 153 154
C 105.292450815 153 154
C 77.8167904693 153 154
C 57.9043738757 153 154
C 52.1878943413 158 159
C 65.1927739366 158 159
C 79.8186788503 158 159
C 95.8007910847 158 159
C 107.487648337 158 159
C 107.161930498 158 159
C 100.503884143 158 159
C 89.5223490087 158 159
C 40.6441124538 170 171
C 52.1680603448 170 171
C 88.5533688021 170 171
C 147.886748427 170 171
C 130.099812714 170 171
C 92.1831858349 170 171
C 65.6029283469 170 171
C 52.7432897064 170 171
C 18.0047412658 230 231
C 20.9860187306 230 231
C 101.800186378 230 231
C 151.263334594 230 231
C 138.737391947 230 231
C 114.817764851 230 231
C 89.116739622 230 231
C 68.3928240152 230 231
C 35.781791892 244 245
C 42.3077773322 244 245
C 64.2894823721 244 245
C 121.620579123 244 245
C 125.986705366 244 245
C 93.3844027628 244 245
C 64.3015302767 244 245
C 45.9594430237 244 245
C 11.0244362883 255 256
C 22.5741620471 255 256
C 70.9827842763 255 256
C 155.845361538 255 256
C 170.778393225 255 256
C 126.100932035 255 256
C 53.1531267472 255 256
C 35.9644045081 255 256
C 55.5512426119 269 270
C 65.336322142 269 270
C 83.7604417164 269 270
C 107.951859262 269 270
C 113.14939831 269 270
C 95.4255508912 269 270
C 73.7459857607 269 270
C 50.4166630165 269 270
C 62.1676810594 284 285
C 70.6521348981 284 285
C 81.5532708029 284 285
C 98.3659152599 284 285
C 110.133757031 284 285
C 107.436554103 284 285
C 93.6488122254 284 285
C 80.7258741 284 285
C 62.1278152339 295 296
C 70.8978583081 295 296
C 81.5822478591 295 296
C 94.6223499052 295 296
C 106.315815066 295 296
C 105.735869308 295 296
C 90.8304594034 295 296
C 78.6909652209 295 296
C 29.2604843563 338 339
C 41.6255962149 338 339
C 71.8707509597 338 339
C 117.442024458 338 339
C 136.863070007 338 339
C 119.286425293 338 339
C 46.1246770718 338 339
C 18.67382042 338 339
C 9.74265235892 357 358
C 20.1374110649 357 358
C 71.4700415584 357 358
C 133.872397409 357 358
C 126.558590688 357 358
C 99.1263034671 357 358
C 70.2465686065 357 358
C 51.9345682702 357 358
C 28.7550968846 359 360
C 37.2101312442 359 360
C 91.8003568854 359 360
C 131.815832268 359 360
C 126.252785069 359 360
C 107.280094917 359 360
C 90.0674077972 359 360
C 75.5272816235 359 360
C 34.6729184828 376 377
C 56.4893258823 376 377
C 91.2011202534 376 377
C 120.449150884 376 377
C 132.728460203 376 377
C 119.271096789 376 377
C 26.0360269576 376 377
C 10.4393843013 376 377
C 36.8616696409 386 387
C 49.8686304605 386 387
C 86.2347132243 386 387
C 108.026608333 386 387
C 112.835272488 386 387
C 102.517227909 386 387
C 91.5819989714 386 387
C 80.2670353137 386 387
C 12.595056978 411 412
C 30.6003978124 411 412
C 97.4373183027 411 412
C 140.774876096 411 412
C 149.29699207 411 412
C 99.7981831658 411 412
C 32.5303055015 411 412
C 22.1348086808 411 412
C 55.1001362099 416 417
C 66.6035758937 416 417
C 81.3944666921 416 417
C 99.272675791 416 417
C 105.715343016 416 417
C 96.4716390033 416 417
C 71.8423507297 416 417
C 45.8890399557 416 417
C 67.3240148211 425 426
C 79.7445171754 425 426
C 92.4771430777 425 426
C 105.7409799 425 426
C 113.934799425 425 426
C 107.517010017 425 426
C 88.4803590373 425 426
C 70.7728461167 425 426
C 37.0940622389 435 436
C 53.9758137417 435 436
C 89.5059110793 435 436
C 141.078467785 435 436
C 162.656374716 435 436
C 122.746021933 435 436
C 46.0379267651 435 436
C 28.7874709223 435 436
C 62.7150018184 460 461
C 72.6969077123 460 461
C 83.9172627941 460 461
C 92.4789591476 460 461
C 94.1827358628 460 461
C 82.3511141173 460 461
C 64.6972491574 460 461
C 48.1105329476 460 461
C 18.7441655519 463 464
C 24.2884010103 463 464
C 63.2996306887 463 464
C 141.535823093 463 464
C 155.480618566 463 464
C 123.602563428 463 464
C 11.6914296222 463 464
C 3.06873347808 463 464
C 37.443920583 475 476
C 48.5620654093 475 476
C 78.6272607692 475 476
C 124.357449064 475 476
C 143.154042836 475 476
C 123.071686481 475 476
C 18.7850229813 475 476
C 4.55311863195 475 476
C 22.8481941889 492 493
C 30.8991688704 492 493
C 59.5419417896 492 493
C 168.844054717 492 493
C 136.466917121 492 493
C 108.256661061 492 493
C 88.9901809684 492 493
C 75.6513352401 492 493
C 47.8411835806 497 498
C 63.2201328663 497 498
C 93.0147522849 497 498
C 135.703631162 497 498
C 143.153413757 497 498
C 97.840219966 497 498
C 54.7526184414 497 498
C 35.9796109275 497 498
C 18.0381990506 501 502
C 24.2564625603 501 502
C 49.4883609621 501 502
C 146.976203746 501 502
C 133.392548112 501 502
C 111.948897858 501 502
C 95.2056696785 501 502
C 80.3836417158 501 502
C 57.7031749191 521 522
C 74.7345653013 521 522
C 99.5867248021 521 522
C 133.437634704 521 522
C 173.510588064 521 522
C 97.2981949505 521 522
C 43.22042855 521 522
C 25.6098865411 521 522
C 21.6335985962 8 9
C 37.9087620359 8 9
C 91.3971690174 8 9
C 151.419133466 8 9
C 169.854309239 8 9
C 115.481204556 8 9
C 51.2041379456 8 9
C 33.4349042059 8 9
C 61.7103741732 28 29
C 71.5479479399 28 29
C 83.5240405981 28 29
C 97.9981576212 28 29
C 110.018671182 28 29
C 109.054179781 28 29
C 95.8815884681 28 29
C 83.2532522736 28 29
C 44.8087111715 52 53
C 63.4420941156 52 53
C 93.4713871087 52 53
C 124.240412358 52 53
C 144.688413595 52 53
C 109.812939499 52 53
C 28.1688196835 52 53
C 18.4570274174 52 53
C 26.7605023855 61 62
C 49.0730194853 61 62
C 107.310269471 61 62
C 148.783444371 61 62
C 154.136102069 61 62
C 111.965878318 61 62
C 25.9402695296 61 62
C 14.410379619 61 62
C 46.8227169896 64 65
C 63.453687707 64 65
C 91.1139256447 64 65
C 121.311411992 64 65
C 139.374672019 64 65
C 118.895794048 64 65
C 37.1273650146 64 65
C 16.6850986165 64 65
C 60.6763370159 87 88
C 80.5716575451 87 88
C 106.584205089 87 88
C 127.887871498 87 88
C 143.461593884 87 88
C 103.491073754 87 88
C 55.9124287078 87 88
C 34.3157208723 87 88
C 28.3509822511 88 89
C 40.4765147504 88 89
C 80.9841389902 88 89
C 119.848983012 88 89
C 125.793376087 88 89
C 101.935799492 88 89
C 57.7900728766 88 89
C 34.2058930335 88 89
C 63.2784099949 109 110
C 76.1831631303 109 110
C 89.6930810442 109 110
C 100.676506895 109 110
C 105.228717572 109 110
C 96.6725783189 109 110
C 75.9003854956 109 110
C 53.445297123 109 110
C 7.89586708082 112 113
C 17.3740258521 112 113
C 63.9112179235 112 113
C 136.134993507 112 113
C 150.341564386 112 113
C 128.757528003 112 113
C 19.0268473908 112 113
C 3.15977743969 112 113
C 8.6269942253 136 137
C 13.1849336098 136 137
C 63.0098330722 136 137
C 168.302874388 136 137
C 157.379846584 136 137
C 105.619267407 136 137
C 33.305115845 136 137
C 18.1208624516 136 137
C 46.6525083737 140 141
C 66.5180030087 140 141
C 96.2408127882 140 141
C 124.494140058 140 141
C 144.776901177 140 141
C 132.863571175 140 141
C 28.8951651815 140 141
C 18.7069178696 140 141
C 30.5137887605 153 154
C 42.7125174258 153 154
C 80.4973617628 153 154
C 126.841466725 153 154
C 134.212481807 153 154
C 104.986329826 153 154
C 77.7231885813 153 154
C 58.3407039217 153 154
C 52.2207616865 158 159
C 65.3781162284 158 159
C 80.2433014611 158 159
C 96.1670873425 158 159
C 107.67171137 158 159
C 107.057457347 158 159
C 99.3452180018 158 159
C 87.7982937926 158 159
C 39.2115299278 170 171
C 50.5125694406 170 171
C 88.5770723867 170 171
C 150.609619866 170 171
C 129.763830091 170 171
C 91.2312197819 170 171
C 64.4417204429 170 171
C 51.576100473 170 171
C 17.3211770806 230 231
C 20.0771516727 230 231
C 98.8805274374 230 231
C 150.28537068 230 231
C 138.40543579 230 231
C 114.702332387 230 231
C 89.1125015149 230 231
C 68.5763137549 230 231
C 34.3684949308 244 245
C 40.6202018933 244 245
C 62.3391208771 244 245
C 120.723633128 244 245
C 125.146887628 244 245
C 93.0838697831 244 245
C 64.2814838836 244 245
C 46.0671131977 244 245
C 11.119272366 255 256
C 22.8242673424 255 256
C 73.0083158352 255 256
C 156.827193605 255 256
C 168.344861979 255 256
C 122.603983063 255 256
C 53.5559403494 255 256
C 36.5671469115 255 256
C 54.7570214093 269 270
C 64.2557907284 269 270
C 82.3060750318 269 270
C 106.657781127 269 270
C 112.117255874 269 270
C 94.3617094456 269 270
C 72.8539928942 269 270
C 50.0951236803 269 270
C 62.43965496 284 285
C 70.9763897824 284 285
C 82.0719743133 284 285
C 99.0009356554 284 285
C 110.610735546 284 285
C 107.516758261 284 285
C 93.2622096356 284 285
C 79.9265007983 284 285
C 62.3513196886 295 296
C 71.0982373034 295 296
C 81.7707786583 295 296
C 94.5833558937 295 296
C 106.153776498 295 296
C 105.477706769 295 296
C 90.5222213357 295 296
C 78.264209158 295 296
C 30.8222827071 338 339
C 43.5684524779 338 339
C 72.3735995591 338 339
C 115.448736943 338 339
C 135.49962808 338 339
C 119.21226915 338 339
C 48.4789578559 338 339
C 19.7217280244 338 339
C 56.3004579007 356 357
C 71.4049487287 356 357
C 97.3506816991 356 357
C 134.04421336 356 357
C 170.947915578 356 357
C 121.037997817 356 357
C 40.3706926628 356 357
C 19.7816071592 356 357
C 28.3894591016 359 360
C 36.5201769447 359 360
C 91.7473277716 359 360
C 132.226651243 359 360
C 126.190221064 359 360
C 107.065997784 359 360
C 89.9684042132 359 360
C 75.6325840082 359 360
C 36.0980902087 376 377
C 58.0136390554 376 377
C 92.5324764395 376 377
C 121.715836322 376 377
C 133.966934107 376 377
C 121.284654907 376 377
C 25.8055131777 376 377
C 10.7331298928 376 377
C 35.5065409202 386 387
C 47.8468078333 386 387
C 83.8662262415 386 387
C 106.691163908 386 387
C 112.233151535 386 387
C 102.446655349 386 387
C 91.753575757 386 387
C 80.6770397823 386 387
C 12.1538719118 411 412
C 30.1753804622 411 412
C 98.1059416962 411 412
C 140.235483411 411 412
C 147.927242486 411 412
C 99.8058792838 411 412
C 32.8697266965 411 412
C 22.1710587189 411 412
C 54.2171824612 416 417
C 65.5658254217 416 417
C 80.2740694506 416 417
C 98.0315842427 416 417
C 104.24355391 416 417
C 94.497975025 416 417
C 69.7891340318 416 417
C 44.7701501556 416 417
C 68.2565494033 425 426
C 80.45328807 425 426
C 92.538951866 425 426
C 105.319794221 425 426
C 113.436525601 425 426
C 107.051231229 425 426
C 87.7575670499 425 426
C 69.511327429 425 426
C 37.7800354682 435 436
C 54.8172936167 435 436
C 90.4024264277 435 436
C 141.032418551 435 436
C 162.887699738 435 436
C 124.242225896 435 436
C 42.8512041499 435 436
C 26.5447448382 435 436
C 53.1714748713 451 452
C 65.0150737162 451 452
C 80.7718012209 451 452
C 101.919546549 451 452
C 115.014981645 451 452
C 109.932651995 451 452
C 91.3515445249 451 452
C 76.2607178485 451 452
C 62.061255923 450 451
C 72.8746143522 450 451
C 84.861110372 450 451
C 100.500855115 450 451
C 111.374677025 450 451
C 106.257608663 450 451
C 86.9208597716 450 451
C 69.3863327706 450 451
C 62.4036608001 460 461
C 72.3049237327 460 461
C 83.311487722 460 461
C 91.7154840408 460 461
C 92.8765599499 460 461
C 81.095287634 460 461
C 64.3969609766 460 461
C 48.5683514133 460 461
C 17.6706735262 463 464
C 22.6814608315 463 464
C 60.6114126766 463 464
C 142.551939721 463 464
C 155.142170272 463 464
C 117.806157812 463 464
C 12.5494136317 463 464
C 2.32934928839 463 464
C 36.5726257529 475 476
C 48.0244531246 475 476
C 79.7245087628 475 476
C 126.573576089 475 476
C 144.909537965 475 476
C 123.826408501 475 476
C 14.226351421 475 476
C 2.55775829222 475 476
C 23.0424073993 492 493
C 31.7929877371 492 493
C 65.515281731 492 493
C 171.236983724 492 493
C 139.654513496 492 493
C 113.044515851 492 493
C 94.6426916306 492 493
C 81.1997741841 492 493
C 47.4273342036 497 498
C 62.7179442083 497 498
C 92.7162110752 497 498
C 137.020339792 497 498
C 142.806408346 497 498
C 97.4890434788 497 498
C 55.2425292442 497 498
C 36.4753045724 497 498
C 18.071678817 501 502
C 24.1297799583 501 502
C 47.8892196642 501 502
C 145.007603483 501 502
C 132.456502053 501 502
C 110.986090501 501 502
C 94.193584473 501 502
C 79.501609385 501 502
C 57.8727865286 521 522
C 74.797427562 521 522
C 99.3089292284 521 522
C 132.119637434 521 522
C 173.141214692 521 522
C 92.4169527354 521 522
C 39.7262753598 521 522
C 23.6823968557 521 522
C 22.1481818171 8 9
C 38.7490197952 8 9
C 90.8770637123 8 9
C 149.794643625 8 9
C 169.679594079 8 9
C 116.975305461 8 9
C 50.482464432 8 9
C 33.1389573562 8 9
C 62.456420925 28 29
C 72.2766693279 28 29
C 84.0546022053 28 29
C 98.0564878393 28 29
C 109.877384237 28 29
C 108.96826983 28 29
C 95.87617928 28 29
C 83.3254592764 28 29
C 43.9920352929 52 53
C 62.3973047464 52 53
C 93.1084673573 52 53
C 125.726686978 52 53
C 148.303475619 52 53
C 120.341571451 52 53
C 23.6016805201 52 53
C 15.7267353084 52 53
C 26.6132988896 61 62
C 49.3968595708 61 62
C 108.276867153 61 62
C 149.215053263 61 62
C 155.279520153 61 62
C 108.666200161 61 62
C 25.5633642527 61 62
C 14.7745697864 61 62
C 46.162298557 64 65
C 62.4470123618 64 65
C 89.7725137933 64 65
C 119.554633919 64 65
C 137.557639573 64 65
C 118.033805948 64 65
C 39.3153977407 64 65
C 17.7483504812 64 65
C 61.0826426619 87 88
C 80.7849297944 87 88
C 106.148523157 87 88
C 127.407666827 87 88
C 147.127111654 87 88
C 109.094200894 87 88
C 54.2734276971 87 88
C 32.3752795074 87 88
C 23.7597307243 88 89
C 31.9134098786 88 89
C 73.6235412203 88 89
C 118.853283216 88 89
C 123.873261124 88 89
C 100.074239398 88 89
C 58.9367803775 88 89
C 35.5044028569 88 89
C 62.8105088112 109 110
C 76.0791943727 109 110
C 90.3230349919 109 110
C 102.141668006 109 110
C 106.498684652 109 110
C 97.6145637615 109 110
C 76.4082158249 109 110
C 53.7777225871 109 110
C 6.05310603307 112 113
C 14.1972961663 112 113
C 59.6031393139 112 113
C 139.108622612 112 113
C 151.961632288 112 113
C 127.141446267 112 113
C 19.6789073366 112 113
C 4.29336425045 112 113
C 7.24227023334 136 137
C 10.5988063772 136 137
C 59.6813898187 136 137
C 168.535223386 136 137
C 155.43450916 136 137
C 106.490150829 136 137
C 35.4113640297 136 137
C 19.2295329907 136 137
C 45.5664612531 140 141
C 64.9483089408 140 141
C 94.3867170653 140 141
C 123.487624429 140 141
C 144.867805105 140 141
C 138.571059736 140 141
C 24.241189835 140 141
C 16.7821457793 140 141
C 29.6752216976 153 154
C 42.0140763012 153 154
C 80.8548989183 153 154
C 128.149759109 153 154
C 135.529806861 153 154
C 105.500631107 153 154
C 77.4708873885 153 154
C 58.0024553148 153 154
C 24.0748827444 157 158
C 35.3542839331 157 158
C 63.5765895241 157 158
C 110.369980989 157 158
C 127.729112485 157 158
C 117.395956951 157 158
C 97.9006523535 157 158
C 84.9258614977 157 158
C 41.79895152 170 171
C 53.463049854 170 171
C 89.6162083938 170 171
C 149.085541861 170 171
C 130.294440512 170 171
C 92.0006855773 170 171
C 65.3811724396 170 171
C 52.4815722105 170 171
C 17.7512110071 230 231
C 20.2173239549 230 231
C 101.512778175 230 231
C 150.379813227 230 231
C 138.307698094 230 231
C 114.78262836 230 231
C 89.4176012006 230 231
C 68.8697240414 230 231
C 37.2505043648 244 245
C 44.071614974 244 245
C 66.5211954573 244 245
C 123.705465154 244 245
C 127.304367213 244 245
C 93.8274592751 244 245
C 64.336931679 244 245
C 46.0167108084 244 245
C 12.1852184178 255 256
C 24.352359089 255 256
C 72.9063998441 255 256
C 154.738572403 255 256
C 170.117538637 255 256
C 124.628363886 255 256
C 54.2540349114 255 256
C 36.98546849 255 256
C 57.4067771257 269 270
C 67.3994952193 269 270
C 86.3562575189 269 270
C 111.136998586 269 270
C 116.380144021 269 270
C 9.48007810693 269 270
C 9.88193785832 269 270
C 10.3147829444 269 270
C 61.836223812 284 285
C 70.4068527698 284 285
C 81.6449955207 284 285
C 99.0599532658 284 285
C 111.053322486 284 285
C 107.82661874 284 285
C 93.0898797312 284 285
C 79.6291664355 284 285
C 61.1552597648 295 296
C 70.1022134843 295 296
C 80.9982133688 295 296
C 94.1332137572 295 296
C 105.852626228 295 296
C 105.283464101 295 296
C 90.3473213192 295 296
C 78.0934456066 295 296
C 30.2591347313 338 339
C 43.0268706976 338 339
C 72.0090209058 338 339
C 114.827314346 338 339
C 134.202750978 338 339
C 117.26765099 338 339
C 48.7726379836 338 339
C 20.3038772693 338 339
C 9.88146531343 357 358
C 20.5157425349 357 358
C 71.4721126543 357 358
C 133.60581938 357 358
C 127.023408038 357 358
C 99.5185149109 357 358
C 70.1658537367 357 358
C 51.7114215352 357 358
C 28.8412538369 359 360
C 37.4381316429 359 360
C 91.7601773725 359 360
C 131.61645847 359 360
C 125.906931025 359 360
C 107.062762844 359 360
C 90.3522148126 359 360
C 76.1497515182 359 360
C 2.70402725516 376 377
C 4.09779899892 376 377
C 8.32727783189 376 377
C 127.991120558 376 377
C 142.806384703 376 377
C 108.620997244 376 377
C 18.7762383364 376 377
C 12.5959926402 376 377
C 59.6407824087 387 388
C 71.5110776259 387 388
C 85.9385494093 387 388
C 100.25279991 387 388
C 107.67085619 387 388
C 101.306561564 387 388
C 85.3924586671 387 388
C 70.6308211913 387 388
C 10.6381685305 411 412
C 27.0045144832 411 412
C 94.9133539093 411 412
C 140.263610831 411 412
C 147.111144572 411 412
C 98.449264261 411 412
C 35.1623865526 411 412
C 23.5403459771 411 412
C 51.9097727611 417 418
C 62.4964562111 417 418
C 80.1290150833 417 418
C 110.955851204 417 418
C 129.011977738 417 418
C 116.541700164 417 418
C 97.5686237229 417 418
C 81.4414289944 417 418
C 67.9473781505 425 426
C 80.2680047416 425 426
C 92.7834540216 425 426
C 106.131774395 425 426
C 114.33248748 425 426
C 107.527344272 425 426
C 88.1348166472 425 426
C 70.3979858454 425 426
C 37.3284164203 435 436
C 54.2664804146 435 436
C 89.726521766 435 436
C 140.293899858 435 436
C 161.752963087 435 436
C 122.826211241 435 436
C 43.3577488983 435 436
C 27.2357192458 435 436
C 56.6971563142 462 463
C 73.9701110999 462 463
C 102.401786102 462 463
C 127.774053029 462 463
C 138.620735164 462 463
C 105.21073732 462 463
C 26.5224600368 462 463
C 9.69362109661 462 463
C 17.8903908728 463 464
C 23.0960943914 463 464
C 61.1274901404 463 464
C 141.943278259 463 464
C 156.015116213 463 464
C 126.694625211 463 464
C 10.5570463168 463 464
C 1.13895564078 463 464
C 37.4463112868 475 476
C 49.8295413614 475 476
C 83.6378538006 475 476
C 130.444230006 475 476
C 148.781262395 475 476
C 131.700611192 475 476
C 6.46178180077 475 476
C 2.70102186341 475 476
C 23.0577455254 492 493
C 31.163424201 492 493
C 61.4137537353 492 493
C 166.26083973 492 493
C 135.458041077 492 493
C 108.11724488 492 493
C 89.6579040023 492 493
C 76.7513658125 492 493
C 46.7018927466 497 498
C 61.4454476763 497 498
C 90.463732446 497 498
C 134.556489369 497 498
C 143.332619301 497 498
C 98.0853070412 497 498
C 55.4681866045 497 498
C 36.6602825425 497 498
C 19.1821239234 501 502
C 26.0107020828 501 502
C 52.066003029 501 502
C 150.116845009 501 502
C 135.046361677 501 502
C 112.958948977 501 502
C 95.9647949185 501 502
C 81.0046876688 501 502
C 57.4961420402 521 522
C 74.5572716989 521 522
C 99.5153858499 521 522
C 132.732932811 521 522
C 172.993265216 521 522
C 94.6126720711 521 522
C 40.1562599375 521 522
C 23.6614850668 521 522
C 40.5695714477 10 11
C 53.9179565699 10 11
C 79.0317634068 10 11
C 102.66219248 10 11
C 111.650478418 10 11
C 107.201153977 10 11
C 93.1353590702 10 11
C 76.8145249469 10 11
C 62.4597392734 30 31
C 72.6881176501 30 31
C 83.9882393897 30 31
C 98.9389446849 30 31
C 106.563009334 30 31
C 95.5877820731 30 31
C 71.0256906403 30 31
C 48.674323819 30 31
C 46.0274428156 52 53
C 64.7981901884 52 53
C 94.6556165677 52 53
C 125.084992049 52 53
C 146.084441082 52 53
C 112.619798743 52 53
C 27.0597901281 52 53
C 17.6896477826 52 53
C 26.7451016348 61 62
C 49.6389385703 61 62
C 109.911620589 61 62
C 150.790673829 61 62
C 157.00391132 61 62
C 111.686071189 61 62
C 21.5858845879 61 62
C 12.3259953457 61 62
C 48.2853683939 64 65
C 65.2673607439 64 65
C 92.6272017772 64 65
C 121.537901139 64 65
C 139.199029139 64 65
C 117.468908594 64 65
C 33.5447421208 64 65
C 14.7652428483 64 65
C 59.4060400629 87 88
C 78.9868996718 87 88
C 105.181307122 87 88
C 127.815298806 87 88
C 144.429739934 87 88
C 105.72919461 87 88
C 58.241609777 87 88
C 35.8969579928 87 88
C 25.7760529578 88 89
C 37.1140656686 88 89
C 77.1251360652 88 89
C 116.090248296 88 89
C 124.569725435 88 89
C 106.090691825 88 89
C 63.0322216178 88 89
C 35.3486435581 88 89
C 62.9828705145 109 110
C 75.6942482999 109 110
C 89.1155250865 109 110
C 100.46937507 109 110
C 105.37213768 109 110
C 96.6622500713 109 110
C 75.0270683454 109 110
C 51.9861815761 109 110
C 8.86608261101 112 113
C 18.8740099382 112 113
C 63.5555751175 112 113
C 132.272334961 112 113
C 146.646301063 112 113
C 122.432542323 112 113
C 25.572429381 112 113
C 7.15670411819 112 113
C 7.77094456584 136 137
C 11.6671769619 136 137
C 76.4378323805 136 137
C 169.464750437 136 137
C 158.207957885 136 137
C 106.037508889 136 137
C 31.4849293645 136 137
C 17.3569805517 136 137
C 46.6082833107 140 141
C 66.1896598835 140 141
C 95.3477313339 140 141
C 123.675675035 140 141
C 144.596379443 140 141
C 138.774140325 140 141
C 25.6992946693 140 141
C 17.6704269423 140 141
C 31.6598960006 153 154
C 43.3317424632 153 154
C 79.3314923994 153 154
C 123.032774098 153 154
C 132.284682728 153 154
C 105.884296394 153 154
C 78.9170862665 153 154
C 58.7246289377 153 154
C 52.3327299697 158 159
C 65.429825169 158 159
C 80.2875535612 158 159
C 95.9496886675 158 159
C 107.431251571 158 159
C 107.208437566 158 159
C 99.1776835221 158 159
C 87.6872276121 158 159
C 39.521572531 170 171
C 51.29316619 170 171
C 90.0472061832 170 171
C 150.571201207 170 171
C 131.678823527 170 171
C 91.8606749557 170 171
C 64.175704228 170 171
C 50.9331367557 170 171
C 68.3936142926 234 235
C 79.2738195625 234 235
C 90.9640109005 234 235
C 109.155933996 234 235
C 124.428412273 234 235
C 115.634649386 234 235
C 93.9200346367 234 235
C 70.3561469226 234 235
C 54.5883197186 245 246
C 76.7345531215 245 246
C 105.750225693 245 246
C 126.442985681 245 246
C 129.157050353 245 246
C 95.5817365606 245 246
C 53.5758418183 245 246
C 30.9003949161 245 246
C 42.3252042977 256 257
C 62.6441413446 256 257
C 94.6408072528 256 257
C 113.396872032 256 257
C 114.517598674 256 257
C 100.050186745 256 257
C 83.7996021052 256 257
C 67.1359713046 256 257
C 11.8387515752 270 271
C 14.5853707394 270 271
C 43.5978447853 270 271
C 107.501861026 270 271
C 113.193361396 270 271
C 92.0534364071 270 271
C 71.0488368498 270 271
C 55.2828311897 270 271
C 39.2992958443 281 282
C 57.5670708664 281 282
C 99.3495396495 281 282
C 136.097446264 281 282
C 146.576012912 281 282
C 118.761872813 281 282
C 69.5338858718 281 282
C 49.2479672618 281 282
C 32.8392777938 297 298
C 38.3208553152 297 298
C 68.7311683092 297 298
C 114.421415644 297 298
C 120.918734873 297 298
C 98.4915003784 297 298
C 67.7185354311 297 298
C 47.639590776 297 298
C 31.90276074 338 339
C 46.5274002716 338 339
C 79.8726130686 338 339
C 122.205067426 338 339
C 137.394856037 338 339
C 107.0731048 338 339
C 32.8031872393 338 339
C 15.2852421443 338 339
C 9.17828246706 357 358
C 19.783575615 357 358
C 70.5347139373 357 358
C 132.587974336 357 358
C 126.805941077 357 358
C 99.6192535407 357 358
C 70.1389981382 357 358
C 51.5911540323 357 358
C 27.9212907705 359 360
C 35.7696029203 359 360
C 90.677776137 359 360
C 132.083241529 359 360
C 126.070539494 359 360
C 106.878422727 359 360
C 89.7477132759 359 360
C 75.3430922534 359 360
C 29.2890210911 376 377
C 50.7442446716 376 377
C 87.2285401552 376 377
C 116.54096879 376 377
C 124.932348948 376 377
C 102.580731844 376 377
C 34.590132395 376 377
C 16.5302354268 376 377
C 34.2830114337 386 387
C 46.2273663702 386 387
C 82.7858194194 386 387
C 106.073833412 386 387
C 111.643989235 386 387
C 101.797694451 386 387
C 91.0539894675 386 387
C 79.9967358894 386 387
C 11.3537975625 411 412
C 28.537244696 411 412
C 96.3243458898 411 412
C 140.156091232 411 412
C 147.374046623 411 412
C 99.3670221321 411 412
C 34.2923343562 411 412
C 23.0715142839 411 412
C 55.0897428693 416 417
C 66.6855490347 416 417
C 81.4686497267 416 417
C 98.7364306363 416 417
C 104.782550643 416 417
C 95.3026283855 416 417
C 71.0694623203 416 417
C 45.8950305182 416 417
C 68.2527006532 425 426
C 80.3427186836 425 426
C 92.5851934863 425 426
C 105.611082501 425 426
C 113.634617445 425 426
C 107.058373374 425 426
C 88.2263818776 425 426
C 70.9501914852 425 426
C 37.3815188534 435 436
C 54.4502865791 435 436
C 89.7930558582 435 436
C 139.115522303 435 436
C 160.240326974 435 436
C 122.091942072 435 436
C 43.0003691653 435 436
C 27.2693809038 435 436
C 63.0574578864 460 461
C 72.9092299873 460 461
C 83.9920477471 460 461
C 92.6795290432 460 461
C 94.6227619514 460 461
C 83.3930908941 460 461
C 66.3389754157 460 461
C 49.7862230599 460 461
C 18.2549171338 463 464
C 23.7582491228 463 464
C 62.8421990968 463 464
C 142.626990255 463 464
C 156.646608924 463 464
C 123.484583483 463 464
C 7.05824937742 463 464
C 1.09124110657 463 464
C 37.1633052795 475 476
C 48.5029242498 475 476
C 79.6681233031 475 476
C 126.015637175 475 476
C 144.130157453 475 476
C 124.153417743 475 476
C 17.3086671179 475 476
C 2.66776223331 475 476
C 23.0710023599 492 493
C 31.5491107296 492 493
C 63.6061203728 492 493
C 165.978262366 492 493
C 136.407184533 492 493
C 108.940899324 492 493
C 90.2221980685 492 493
C 76.9554381802 492 493
C 46.7312300605 497 498
C 61.7130945405 497 498
C 91.0581144105 497 498
C 134.400394825 497 498
C 142.494014399 497 498
C 97.7263516685 497 498
C 54.8431496436 497 498
C 36.007180623 497 498
C 15.8928940467 501 502
C 20.929949215 501 502
C 40.3852149215 501 502
C 141.923361617 501 502
C 130.899762057 501 502
C 109.942519042 501 502
C 93.3913982153 501 502
C 78.9007939227 501 502
C 57.400085349 521 522
C 73.9991040752 521 522
C 98.4465704644 521 522
C 132.414718814 521 522
C 174.176836556 521 522
C 95.0938074898 521 522
C 43.6954275896 521 522
C 26.5138226185 521 522
C 22.6364835803 8 9
C 39.3647115927 8 9
C 90.6477959447 8 9
C 148.686192243 8 9
C 168.644111451 8 9
C 116.224071311 8 9
C 50.5177365998 8 9
C 33.2912400472 8 9
C 63.2114374211 30 31
C 73.3591731618 30 31
C 84.7622211236 30 31
C 99.529288991 30 31
C 107.488732206 30 31
C 96.7424756151 30 31
C 72.2187632847 30 31
C 49.7761892652 30 31
C 46.8859143131 52 53
C 65.8806864599 52 53
C 95.898526828 52 53
C 126.524870091 52 53
C 148.90387878 52 53
C 128.279867869 52 53
C 24.6479152458 52 53
C 16.0688103155 52 53
C 27.6806688733 61 62
C 50.2458141297 61 62
C 104.817650153 61 62
C 145.6245528 61 62
C 152.256540489 61 62
C 110.790889074 61 62
C 24.2393848373 61 62
C 13.5433211577 61 62
C 47.9384592918 64 65
C 64.7138662079 64 65
C 92.0048251433 64 65
C 121.12625892 64 65
C 138.725516131 64 65
C 118.727247709 64 65
C 37.1816493631 64 65
C 16.5305377825 64 65
C 59.5078431602 87 88
C 79.2338299272 87 88
C 105.4527767 87 88
C 127.785259677 87 88
C 145.372993074 87 88
C 106.838602993 87 88
C 57.5760018275 87 88
C 35.1072520632 87 88
C 25.4178013195 88 89
C 35.9730169034 88 89
C 76.2666258249 88 89
C 116.703454826 88 89
C 124.816066831 88 89
C 105.172292617 88 89
C 62.1534878055 88 89
C 35.457055528 88 89
C 62.4691862883 109 110
C 75.4306533574 109 110
C 88.9367474651 109 110
C 99.8453525002 109 110
C 103.871412117 109 110
C 94.7457525693 109 110
C 74.0940857309 109 110
C 52.2687055328 109 110
C 7.762586384 112 113
C 16.7768765353 112 113
C 61.9839993383 112 113
C 135.28284513 112 113
C 149.096316902 112 113
C 125.029482196 112 113
C 24.0328507474 112 113
C 6.51177715455 112 113
C 8.67135316847 136 137
C 11.4283796269 136 137
C 94.560088884 136 137
C 169.886354226 136 137
C 159.839101073 136 137
C 109.718068065 136 137
C 28.609137804 136 137
C 15.2249094863 136 137
C 46.9890325303 140 141
C 66.6846804343 140 141
C 95.5621626202 140 141
C 123.646386781 140 141
C 144.751270871 140 141
C 141.50325344 140 141
C 25.6249981141 140 141
C 17.7169590667 140 141
C 30.3948254264 153 154
C 42.6825893436 153 154
C 81.1341796525 153 154
C 127.199573503 153 154
C 133.631235961 153 154
C 104.241291012 153 154
C 77.305872514 153 154
C 58.0993329837 153 154
C 51.9017666375 158 159
C 65.0861490127 158 159
C 80.1457386202 158 159
C 96.005072132 158 159
C 107.56819848 158 159
C 107.652900753 158 159
C 99.6329397618 158 159
C 88.3705095282 158 159
C 39.407763565 170 171
C 50.9290258144 170 171
C 88.2494543205 170 171
C 147.365446193 170 171
C 129.473657864 170 171
C 91.5083257727 170 171
C 64.8259701283 170 171
C 52.0271245832 170 171
C 14.1017923016 230 231
C 15.2888018247 230 231
C 97.9520051064 230 231
C 147.74435355 230 231
C 136.130435973 230 231
C 112.64826969 230 231
C 88.3052662535 230 231
C 69.2265487501 230 231
C 35.5317438293 244 245
C 42.5500321862 244 245
C 65.3049268196 244 245
C 126.792237254 244 245
C 127.986749724 244 245
C 93.8386005483 244 245
C 64.5152655491 244 245
C 46.2840941591 244 245
C 12.2067358251 255 256
C 24.6127167513 255 256
C 73.9730281348 255 256
C 154.438483057 255 256
C 170.062486419 255 256
C 125.557795915 255 256
C 54.2042519796 255 256
C 36.8077923065 255 256
C 56.0445087591 269 270
C 65.8768982028 269 270
C 84.3148554183 269 270
C 108.401424944 269 270
C 113.545973333 269 270
C 95.6960129663 269 270
C 73.6731576679 269 270
C 50.2178386812 269 270
C 34.8485283487 282 283
C 48.6690265955 282 283
C 78.2330302731 282 283
C 111.505745369 282 283
C 122.426443646 282 283
C 110.276532462 282 283
C 94.8876085656 282 283
C 80.0132612534 282 283
C 61.6412575146 295 296
C 70.4800409356 295 296
C 81.3217095394 295 296
C 94.4271410499 295 296
C 106.073720919 295 296
C 105.357813689 295 296
C 90.3846769462 295 296
C 78.2039378317 295 296
C 30.7118795664 338 339
C 43.4680457341 338 339
C 72.8358131629 338 339
C 116.341788244 338 339
C 136.014550808 338 339
C 118.753357737 338 339
C 48.1601485412 338 339
C 20.0241607828 338 339
C 9.97808108117 357 358
C 20.2050150885 357 358
C 70.4214602934 357 358
C 133.32711871 357 358
C 126.690368347 357 358
C 99.236064855 357 358
C 70.0259620666 357 358
C 51.6693340773 357 358
C 28.216220314 359 360
C 36.413325318 359 360
C 90.818525018 359 360
C 131.301667463 359 360
C 125.726718234 359 360
C 106.715123788 359 360
C 89.6378046188 359 360
C 75.306940222 359 360
C 36.1429962091 376 377
C 58.4485249286 376 377
C 92.6810701236 376 377
C 120.978240517 376 377
C 132.973042684 376 377
C 120.787859967 376 377
C 28.8305347055 376 377
C 11.274039595 376 377
C 35.7697933783 386 387
C 48.3523688531 386 387
C 83.8206368355 386 387
C 105.796325867 386 387
C 111.42697948 386 387
C 102.042877492 386 387
C 91.3739872929 386 387
C 80.4130990908 386 387
C 10.7914251131 411 412
C 27.8447500956 411 412
C 99.6021837754 411 412
C 141.674097036 411 412
C 148.191292958 411 412
C 99.4461947498 411 412
C 32.0508280746 411 412
C 21.6084663313 411 412
C 52.1872940662 417 418
C 62.7990301094 417 418
C 80.5788567177 417 418
C 111.725142903 417 418
C 129.63738905 417 418
C 116.72676574 417 418
C 97.5510584738 417 418
C 81.5894335403 417 418
C 68.9247531933 425 426
C 81.2798893387 425 426
C 93.489096857 425 426
C 106.188943155 425 426
C 113.694142063 425 426
C 106.337085188 425 426
C 86.6697574265 425 426
C 68.8861186603 425 426
C 37.3458550275 435 436
C 54.3838957414 435 436
C 89.8555575975 435 436
C 140.528344062 435 436
C 162.250226894 435 436
C 121.773353047 435 436
C 43.9607719661 435 436
C 27.6655362264 435 436
C 55.766816185 462 463
C 72.9230027601 462 463
C 101.659664734 462 463
C 127.922355104 462 463
C 139.419963364 462 463
C 105.631014705 462 463
C 25.6872233981 462 463
C 9.29152284545 462 463
C 16.8270796109 463 464
C 21.873725868 463 464
C 60.1410391991 463 464
C 141.863963535 463 464
C 155.219809182 463 464
C 126.834318658 463 464
C 12.9357484028 463 464
C 1.30723361769 463 464
C 36.4650664872 475 476
C 47.7894691911 475 476
C 79.6323025151 475 476
C 127.175615479 475 476
C 145.180468801 475 476
C 124.586859005 475 476
C 15.6210400703 475 476
C 2.38336303635 475 476
C 23.348391833 492 493
C 31.8637163499 492 493
C 63.5765281114 492 493
C 166.336673454 492 493
C 136.417067917 492 493
C 108.558717425 492 493
C 89.5524308346 492 493
C 76.1785482989 492 493
C 47.7363495086 497 498
C 63.0948846644 497 498
C 93.0022028333 497 498
C 136.493463308 497 498
C 144.181506276 497 498
C 97.6896410084 497 498
C 53.9415736705 497 498
C 35.1333250985 497 498
C 15.9476685099 501 502
C 20.976604074 501 502
C 39.8450457247 501 502
C 144.503819224 501 502
C 132.031753022 501 502
C 111.092631759 501 502
C 94.5818088543 501 502
C 80.0677323638 501 502
C 56.8236192568 521 522
C 73.8345297679 521 522
C 98.8423117153 521 522
C 131.869580107 521 522
C 171.852334803 521 522
C 91.2558142838 521 522
C 37.3204912718 521 522
C 21.9112155856 521 522
C 43.3497538619 10 11
C 57.3029794992 10 11
C 81.3473289035 10 11
C 103.026921237 10 11
C 110.889587107 10 11
C 106.081294245 10 11
C 92.1766554458 10 11
C 76.0455459028 10 11
C 62.5827235732 30 31
C 72.6872825604 30 31
C 84.0585265147 30 31
C 98.9639387266 30 31
C 106.712553406 30 31
C 95.7825891875 30 31
C 71.1375893191 30 31
C 48.8674001736 30 31
C 17.2894036481 53 54
C 16.6964100394 53 54
C 56.3209947661 53 54
C 129.368659896 53 54
C 125.271320897 53 54
C 106.783465578 53 54
C 89.9170304866 53 54
C 75.8090882587 53 54
C 27.6166183308 61 62
C 50.1844345186 61 62
C 107.574522074 61 62
C 148.461478392 61 62
C 153.877714851 61 62
C 112.760231909 61 62
C 24.7578264908 61 62
C 13.5484766819 61 62
C 48.3433405234 64 65
C 65.2903890577 64 65
C 92.44281706 64 65
C 121.338096395 64 65
C 138.867066637 64 65
C 116.725655665 64 65
C 35.5158047485 64 65
C 15.5966534754 64 65
C 59.8739742126 87 88
C 79.5595802511 87 88
C 105.65348769 87 88
C 128.090529248 87 88
C 143.51108774 87 88
C 104.511910364 87 88
C 59.2925532796 87 88
C 37.0878814868 87 88
C 27.9828097127 88 89
C 40.7168854715 88 89
C 79.7951487526 88 89
C 116.331736957 88 89
C 124.523392556 88 89
C 105.648806778 88 89
C 63.0470517908 88 89
C 36.4718990631 88 89
C 63.0279430577 109 110
C 75.9140584227 109 110
C 89.2289788555 109 110
C 100.140161442 109 110
C 104.869950007 109 110
C 96.3236381175 109 110
C 75.1078914898 109 110
C 52.2409105626 109 110
C 8.51699962607 112 113
C 18.9361087665 112 113
C 63.9239673409 112 113
C 132.607185161 112 113
C 147.150410168 112 113
C 123.723815616 112 113
C 24.1576722115 112 113
C 6.16093396536 112 113
C 8.36739030698 136 137
C 10.8958223761 136 137
C 86.2704621509 136 137
C 168.0576521 136 137
C 159.655247753 136 137
C 108.906809903 136 137
C 28.0947694615 136 137
C 15.4583004215 136 137
C 46.8878188666 140 141
C 66.5937433422 140 141
C 95.3450016861 140 141
C 123.358561575 140 141
C 144.356233258 140 141
C 139.335917977 140 141
C 26.9984299457 140 141
C 18.4097286502 140 141
C 30.8655745857 153 154
C 43.1228780211 153 154
C 81.2018215189 153 154
C 126.48198717 153 154
C 133.802715213 153 154
C 105.348730135 153 154
C 78.3508168317 153 154
C 58.8289992124 153 154
C 51.9190162989 158 159
C 64.9451285597 158 159
C 79.6891998652 158 159
C 95.7121835333 158 159
C 107.459659552 158 159
C 107.005331389 158 159
C 99.9326369916 158 159
C 88.5247563938 158 159
C 40.1974261632 170 171
C 51.7066741075 170 171
C 88.2069183882 170 171
C 146.982569537 170 171
C 130.26712556 170 171
C 92.2208771075 170 171
C 65.3508789124 170 171
C 52.4056426614 170 171
C 16.2910579853 230 231
C 15.1449230782 230 231
C 108.02353932 230 231
C 147.53137955 230 231
C 136.554504665 230 231
C 113.764182985 230 231
C 88.5861403038 230 231
C 67.7852943673 230 231
C 36.8785916599 244 245
C 43.9054766021 244 245
C 66.8307319661 244 245
C 126.170731016 244 245
C 128.454772421 244 245
C 94.3433671733 244 245
C 64.2922423137 244 245
C 45.8290751779 244 245
C 12.2276024568 255 256
C 24.5256534937 255 256
C 72.9895069391 255 256
C 154.341035769 255 256
C 169.843040313 255 256
C 124.92002185 255 256
C 54.2382269702 255 256
C 36.9342254141 255 256
C 56.5545236366 269 270
C 66.5663397106 269 270
C 85.2264276125 269 270
C 109.122544038 269 270
C 113.970468684 269 270
C 95.8220546399 269 270
C 73.409169124 269 270
C 49.6346202914 269 270
C 62.4822877087 284 285
C 70.9776718664 284 285
C 81.8520931086 284 285
C 98.5979645348 284 285
C 110.235681854 284 285
C 107.379118585 284 285
C 93.3780334583 284 285
C 80.3538126612 284 285
C 62.2635461945 295 296
C 70.9041555976 295 296
C 81.2540367407 295 296
C 93.6027714852 295 296
C 105.128487185 295 296
C 105.003702827 295 296
C 90.7242445301 295 296
C 78.8430363646 295 296
C 29.845187551 338 339
C 42.1164572863 338 339
C 71.0380661066 338 339
C 115.484377075 338 339
C 135.176629562 338 339
C 118.200208738 338 339
C 50.5949241856 338 339
C 21.3824623075 338 339
C 57.353250162 356 357
C 73.1993711651 356 357
C 99.2913582698 356 357
C 134.648792333 356 357
C 172.357671652 356 357
C 117.870447389 356 357
C 40.7348384228 356 357
C 20.746742665 356 357
C 29.6446032047 359 360
C 38.7170851531 359 360
C 91.8590046964 359 360
C 130.790662651 359 360
C 125.71082456 359 360
C 106.939312717 359 360
C 89.8029395385 359 360
C 75.2390599304 359 360
C 34.5636053706 376 377
C 56.4581220893 376 377
C 91.5748744813 376 377
C 120.770634644 376 377
C 133.036891483 376 377
C 120.322847066 376 377
C 27.6645879518 376 377
C 11.0132112185 376 377
C 36.6680126659 386 387
C 49.4200676856 386 387
C 84.5319969206 386 387
C 106.266753414 386 387
C 111.503852207 386 387
C 101.557339153 386 387
C 90.5921605177 386 387
C 79.333068523 386 387
C 10.6013408405 411 412
C 27.2388937564 411 412
C 96.8850340589 411 412
C 141.151535848 411 412
C 148.22346712 411 412
C 99.7002771254 411 412
C 33.970082959 411 412
C 22.7808581291 411 412
C 51.032687329 417 418
C 61.9359754468 417 418
C 80.2267387181 417 418
C 112.159314351 417 418
C 129.672577153 417 418
C 116.366226835 417 418
C 96.9105652354 417 418
C 80.6906386988 417 418
C 68.3539426946 425 426
C 80.6566198018 425 426
C 92.9931417525 425 426
C 106.022308143 425 426
C 113.697755224 425 426
C 106.428019568 425 426
C 86.8800352053 425 426
C 69.2865324733 425 426
C 37.663865686 435 436
C 54.6896782306 435 436
C 89.9331075015 435 436
C 139.472427549 435 436
C 160.675790671 435 436
C 121.641880165 435 436
C 44.5362843884 435 436
C 28.0622748282 435 436
C 56.5191551414 462 463
C 73.773967314 462 463
C 102.121125585 462 463
C 127.219392477 462 463
C 138.327067308 462 463
C 103.318880844 462 463
C 26.0689065024 462 463
C 9.68821666288 462 463
C 18.41138725 463 464
C 23.8271775291 463 464
C 63.3460078106 463 464
C 142.657134308 463 464
C 156.269064983 463 464
C 124.487151702 463 464
C 10.1284170959 463 464
C 2.23150248982 463 464
C 36.6212773908 475 476
C 47.9182668652 475 476
C 79.2231609972 475 476
C 125.905007936 475 476
C 144.107339546 475 476
C 123.801076961 475 476
C 17.261325798 475 476
C 2.99307304938 475 476
C 23.186218318 492 493
C 31.5504295105 492 493
C 62.0149642408 492 493
C 165.796517119 492 493
C 135.653060678 492 493
C 107.996952696 492 493
C 89.3392930879 492 493
C 76.1849588309 492 493
C 47.5724102871 497 498
C 63.0431402939 497 498
C 93.5087115691 497 498
C 137.291085661 497 498
C 143.92574325 497 498
C 97.5676889136 497 498
C 54.1628626682 497 498
C 35.4541440885 497 498
C 18.1501246401 501 502
C 24.3558247033 501 502
C 48.1209692775 501 502
C 149.916427588 501 502
C 134.582794556 501 502
C 112.639622152 501 502
C 95.6165105277 501 502
C 80.6910742331 501 502
C 56.4264355044 521 522
C 73.3160591419 521 522
C 98.7102715923 521 522
C 133.301181402 521 522
C 175.557829003 521 522
C 94.1416169897 521 522
C 41.2818974986 521 522
C 24.5260238511 521 522
C 41.931257429 10 11
C 55.7128308566 10 11
C 81.3315734482 10 11
C 104.522925637 10 11
C 112.520369235 10 11
C 107.265962815 10 11
C 92.5938122696 10 11
C 76.0068442212 10 11
C 61.6892344555 30 31
C 71.7349709228 30 31
C 83.2626603912 30 31
C 98.4018282262 30 31
C 106.51330144 30 31
C 95.7846721079 30 31
C 71.5465748956 30 31
C 49.5697088743 30 31
C 47.1652491467 52 53
C 66.2533702593 52 53
C 95.8956020378 52 53
C 125.496074942 52 53
C 146.151008699 52 53
C 111.15776612 52 53
C 27.9162624792 52 53
C 17.7216793784 52 53
C 27.9523411349 61 62
C 51.0254535826 61 62
C 107.5591246 61 62
C 148.00181051 61 62
C 155.089549802 61 62
C 112.743722716 61 62
C 22.176226383 61 62
C 12.7289524995 61 62
C 49.0436063362 64 65
C 65.9087645006 64 65
C 92.4037082995 64 65
C 120.103776363 64 65
C 137.145217201 64 65
C 116.481872951 64 65
C 37.537300749 64 65
C 16.4933416275 64 65
C 60.3281343274 87 88
C 79.940840051 87 88
C 105.797267628 87 88
C 128.280326612 87 88
C 144.933186043 87 88
C 7.74949570421 87 88
C 3.98330977405 87 88
C 2.68054920119 87 88
C 25.5635275937 88 89
C 36.8012514352 88 89
C 7.12851808816 88 89
C 3.19441710115 88 89
C 2.05742570147 88 89
C 1.52059726218 88 89
C 1.20597640235 88 89
C 0.999121906254 88 89
C 63.33288871 109 110
C 76.2777387343 109 110
C 90.0822838301 109 110
C 101.52825185 109 110
C 106.341451561 109 110
C 97.7131733403 109 110
C 76.0003367506 109 110
C 52.8073209895 109 110
C 7.71426950844 112 113
C 17.2744528026 112 113
C 64.1199531318 112 113
C 136.770530561 112 113
C 150.518825158 112 113
C 127.763666567 112 113
C 19.4933604233 112 113
C 3.94835331464 112 113
C 7.86022284238 136 137
C 14.6821549878 136 137
C 91.2498547946 136 137
C 168.764568462 136 137
C 168.098558321 136 137
C 91.8356428427 136 137
C 20.309590943 136 137
C 12.2455127201 136 137
C 39.7215855956 140 141
C 57.8603930413 140 141
C 89.108453061 140 141
C 122.143576176 140 141
C 142.916938648 140 141
C 121.456888843 140 141
C 24.1354985444 140 141
C 16.541846167 140 141
C 31.3719210666 153 154
C 43.8372301027 153 154
C 81.2759993277 153 154
C 126.302335158 153 154
C 133.98720624 153 154
C 104.872816663 153 154
C 77.5077502324 153 154
C 57.998887681 153 154
C 51.8486221461 158 159
C 65.0093330725 158 159
C 80.0792353193 158 159
C 95.9257827317 158 159
C 107.400068582 158 159
C 107.282868326 158 159
C 99.2014403728 158 159
C 87.8056603691 158 159
C 39.8524569652 170 171
C 51.3719283855 170 171
C 88.2814907832 170 171
C 145.9218815 170 171
C 129.136596813 170 171
C 91.8356265416 170 171
C 65.4068852432 170 171
C 52.6658253296 170 171
C 16.5903379661 230 231
C 17.6863951446 230 231
C 94.7335467461 230 231
C 148.429566999 230 231
C 136.635236078 230 231
C 113.650773544 230 231
C 89.9257813328 230 231
C 70.579806187 230 231
C 34.999338492 244 245
C 42.1523299954 244 245
C 65.655995166 244 245
C 130.284316031 244 245
C 129.687811455 244 245
C 94.3588718241 244 245
C 64.0622933744 244 245
C 45.6745353455 244 245
C 14.0897988412 255 256
C 27.473758178 255 256
C 75.2917110471 255 256
C 151.321095364 255 256
C 171.175373718 255 256
C 126.827625927 255 256
C 55.6190022019 255 256
C 37.8420280234 255 256
C 55.9710616047 269 270
C 65.7595528953 269 270
C 84.0787199512 269 270
C 108.149612098 269 270
C 113.539858471 269 270
C 95.8040310511 269 270
C 73.8022261388 269 270
C 50.2333506834 269 270
C 62.1107641176 284 285
C 70.5721855177 284 285
C 81.6418353828 284 285
C 98.6996325992 284 285
C 110.555589805 284 285
C 107.631441475 284 285
C 93.5111915071 284 285
C 80.3320610338 284 285
C 61.8164461032 295 296
C 70.7358132935 295 296
C 81.7589259672 295 296
C 94.9649413597 295 296
C 106.534514305 295 296
C 105.365476414 295 296
C 90.1299588741 295 296
C 78.040617348 295 296
C 31.4519177872 338 339
C 44.5245502998 338 339
C 74.1594108409 338 339
C 117.22034454 338 339
C 136.75118931 338 339
C 119.258911259 338 339
C 47.2096515521 338 339
C 19.7055106274 338 339
C 10.2986200513 357 358
C 20.6496340254 357 358
C 69.9451385516 357 358
C 133.498659553 357 358
C 127.088332036 357 358
C 99.5984685288 357 358
C 70.2908242073 357 358
C 51.870057045 357 358
C 27.9248851143 359 360
C 35.809462401 359 360
C 90.2346402937 359 360
C 131.411075528 359 360
C 125.658242795 359 360
C 106.710357504 359 360
C 89.8949507289 359 360
C 75.8097167108 359 360
C 34.0154138696 376 377
C 55.7085363854 376 377
C 90.6551074469 376 377
C 119.657701637 376 377
C 130.896446495 376 377
C 115.191090908 376 377
C 30.1900909546 376 377
C 13.1236215274 376 377
C 36.4256796195 386 387
C 49.0181424102 386 387
C 84.7568969557 386 387
C 107.089222399 386 387
C 112.218981547 386 387
C 101.952936437 386 387
C 90.991182396 386 387
C 79.7129581117 386 387
C 11.3698889008 411 412
C 28.2993419539 411 412
C 97.5126695736 411 412
C 141.486593628 411 412
C 149.350048212 411 412
C 99.0281154786 411 412
C 31.6617857173 411 412
C 21.5076816695 411 412
C 4.16083410074 417 418
C 4.20069341464 417 418
C 4.2135080708 417 418
C 2.84567405906 417 418
C 2.1524615912 417 418
C 2.1628128986 417 418
C 2.17097402917 417 418
C 2.17903956768 417 418
C 1.86782093827 425 426
C 1.87105537771 425 426
C 1.87630028985 425 426
C 2.35514256904 425 426
C 2.35923086286 425 426
C 2.36522042335 425 426
C 3.17180247169 425 426
C 4.81754234837 425 426
C 178.443700184 435 436
C 178.948783836 435 436
C 179.369687654 435 436
C 179.666491035 435 436
C 179.577978119 435 436
C 179.109875188 435 436
C 178.432819303 435 436
C 177.244325877 435 436
C 55.4600095171 462 463
C 72.5415150125 462 463
C 101.582563378 462 463
C 128.093619384 462 463
C 140.043229895 462 463
C 106.906896129 462 463
C 25.8891035147 462 463
C 9.40525249954 462 463
C 16.573358752 463 464
C 21.3837425027 463 464
C 58.9515527729 463 464
C 141.543892396 463 464
C 154.466832328 463 464
C 122.462163168 463 464
C 13.8963170205 463 464
C 2.23832912577 463 464
C 176.444219273 475 476
C 178.424047836 475 476
C 178.995967519 475 476
C 179.256509551 475 476
C 179.374559801 475 476
C 179.278172381 475 476
C 179.1255972 475 476
C 178.836064467 475 476
C 1.60780306761 492 493
C 2.00567605568 492 493
C 2.67791587942 492 493
C 4.03047907804 492 493
C 8.14361663005 492 493
C 108.552655314 492 493
C 89.9065783477 492 493
C 76.6807946083 492 493
C 47.6250512734 497 498
C 62.6547977406 497 498
C 91.8223015918 497 498
C 134.913140589 497 498
C 142.885294161 497 498
C 97.840774615 497 498
C 55.6580679078 497 498
C 36.754141358 497 498
C 17.9880433206 501 502
C 24.0653316665 501 502
C 47.5715252691 501 502
C 150.401309434 501 502
C 134.474647676 501 502
C 112.593661559 501 502
C 95.7847649386 501 502
C 81.1555880996 501 502
C 56.4093502905 521 522
C 73.3746127487 521 522
C 98.9124549304 521 522
C 134.304957284 521 522
C 175.637910143 521 522
C 95.118793005 521 522
C 41.6696029157 521 522
C 24.424004927 521 522
C 21.8133397766 8 9
C 38.229184411 8 9
C 90.9795734827 8 9
C 149.993280616 8 9
C 170.079195779 8 9
C 117.788444248 8 9
C 50.1782832431 8 9
C 32.4902502612 8 9
C 172.299305342 30 31
C 176.364463525 30 31
C 177.631799059 30 31
C 178.302821122 30 31
C 178.568656445 30 31
C 178.454094656 30 31
C 178.01115297 30 31
C 177.052676302 30 31
C 45.6646238569 52 53
C 64.3560318704 52 53
C 94.7016875899 52 53
C 125.975774595 52 53
C 147.537420805 52 53
C 113.931646539 52 53
C 26.0561637451 52 53
C 16.9423447325 52 53
C 6.29742773547 61 62
C 51.5855384967 61 62
C 107.316482202 61 62
C 146.875516131 61 62
C 151.704446016 61 62
C 110.221677134 61 62
C 27.0120777439 61 62
C 14.6480874312 61 62
C 47.693337507 64 65
C 64.3062887065 64 65
C 91.8950083249 64 65
C 122.065956143 64 65
C 140.1535918 64 65
C 119.073946445 64 65
C 35.8460622234 64 65
C 16.1603336571 64 65
C 60.6612900004 87 88
C 80.3801820299 87 88
C 105.892991592 87 88
C 127.556148968 87 88
C 147.438499798 87 88
C 108.310969809 87 88
C 56.0066182589 87 88
C 33.8141434617 87 88
C 25.3955993896 88 89
C 35.2600676525 88 89
C 77.0425717775 88 89
C 119.267048569 88 89
C 124.518809443 88 89
C 100.122211433 88 89
C 57.265737263 88 89
C 34.0705531731 88 89
C 63.7179176036 109 110
C 76.6903472589 109 110
C 90.3377850033 109 110
C 101.43899102 109 110
C 106.308704351 109 110
C 97.589067995 109 110
C 75.9022256339 109 110
C 52.732484166 109 110
C 9.21031800715 112 113
C 20.0197795619 112 113
C 65.7765122766 112 113
C 134.624552041 112 113
C 149.915960425 112 113
C 128.785658129 112 113
C 17.5760543466 112 113
C 3.59052610569 112 113
C 9.59764528153 136 137
C 12.7837847995 136 137
C 101.865529444 136 137
C 169.497507176 136 137
C 163.052269153 136 137
C 106.438737789 136 137
C 22.9569052724 136 137
C 13.0409986294 136 137
C 46.604025689 140 141
C 66.1305386525 140 141
C 94.9759739919 140 141
C 123.067929178 140 141
C 144.071987713 140 141
C 137.074964732 140 141
C 24.9513396999 140 141
C 17.2041556129 140 141
C 30.8282437211 153 154
C 43.0457666883 153 154
C 79.501052049 153 154
C 124.703746612 153 154
C 133.215563739 153 154
C 105.162908066 153 154
C 78.4699856809 153 154
C 59.0059033303 153 154
C 52.217137005 158 159
C 65.3710379633 158 159
C 80.188602801 158 159
C 96.0360649453 158 159
C 107.504465279 158 159
C 107.170229315 158 159
C 99.6386345412 158 159
C 88.1479955573 158 159
C 39.8386733615 170 171
C 51.3760241883 170 171
C 88.5613044961 170 171
C 148.062089315 170 171
C 130.502740912 170 171
C 91.9665281024 170 171
C 64.8688571622 170 171
C 51.8758749093 170 171
C 16.4168129102 230 231
C 16.6352369963 230 231
C 95.5740454192 230 231
C 147.680805085 230 231
C 136.618853492 230 231
C 114.041898697 230 231
C 90.222806857 230 231
C 70.5874434706 230 231
C 79.9993510904 243 244
C 93.6529197583 243 244
C 104.727079185 243 244
C 116.394503633 243 244
C 124.091715004 243 244
C 110.159729893 243 244
C 46.8423429584 243 244
C 20.9191027507 243 244
C 13.3299189805 255 256
C 26.5183997217 255 256
C 75.6370357457 255 256
C 152.848173011 255 256
C 170.544868025 255 256
C 125.695805877 255 256
C 54.441854978 255 256
C 37.0228126832 255 256
C 55.9028721216 269 270
C 65.6960704254 269 270
C 84.0378294078 269 270
C 107.848287653 269 270
C 112.694068159 269 270
C 94.621270379 269 270
C 72.5685173846 269 270
C 49.4091371598 269 270
C 65.4509405723 288 289
C 75.3567436446 288 289
C 86.1315719035 288 289
C 98.5320925773 288 289
C 107.04422089 288 289
C 104.237244993 288 289
C 91.9893216855 288 289
C 78.8548648325 288 289
C 62.1630085315 295 296
C 70.8347302319 295 296
C 81.4632596752 295 296
C 94.2475175808 295 296
C 105.951922991 295 296
C 105.559635808 295 296
C 90.76957308 295 296
C 78.5763592736 295 296
C 29.7328846019 338 339
C 42.0820212436 338 339
C 71.2695826893 338 339
C 115.464541759 338 339
C 135.017994936 338 339
C 118.786987332 338 339
C 49.9603058688 338 339
C 20.5319906972 338 339
C 69.9740320565 344 345
C 79.1664975761 344 345
C 88.9285723891 344 345
C 100.769593429 344 345
C 109.386404585 344 345
C 107.171731588 344 345
C 94.2075493459 344 345
C 79.4471098535 344 345
C 69.9740320565 344 345
C 79.1664975761 344 345
C 88.9285723891 344 345
C 100.769593429 344 345
C 109.386404585 344 345
C 107.171731588 344 345
C 94.2075493459 344 345
C 79.4471098535 344 345
C 12.59546093 357 358
C 13.7458709548 357 358
C 85.532156023 357 358
C 133.13013493 357 358
C 122.144636892 357 358
C 94.9027731466 357 358
C 66.6272115542 357 358
C 48.7452291501 357 358
C 27.167566103 359 360
C 35.2816617707 359 360
C 86.2013188414 359 360
C 126.020839261 359 360
C 123.390657259 359 360
C 105.921524151 359 360
C 89.2108463651 359 360
C 74.9882431032 359 360
C 34.6351266278 376 377
C 55.9956775058 376 377
C 91.2618780115 376 377
C 121.316301112 376 377
C 133.533458691 376 377
C 119.69320321 376 377
C 29.0111333913 376 377
C 13.2113914537 376 377
C 36.0309571461 386 387
C 48.3968246611 386 387
C 84.7538196984 386 387
C 107.342584539 386 387
C 112.499710683 386 387
C 102.359346388 386 387
C 91.4270105847 386 387
C 80.0904076582 386 387
C 11.7054216698 411 412
C 28.7671888961 411 412
C 96.3814073449 411 412
C 140.25670121 411 412
C 147.834705509 411 412
C 100.579573847 411 412
C 33.0908048372 411 412
C 22.095685108 411 412
C 54.3695394376 416 417
C 65.5162300155 416 417
C 80.1416732781 416 417
C 97.9449273189 416 417
C 104.478212825 416 417
C 94.8738623428 416 417
C 70.0644657224 416 417
C 44.8136188943 416 417
C 68.4705731122 425 426
C 80.9757064703 425 426
C 10.9880716686 425 426
C 5.59393487579 425 426
C 3.75668007832 425 426
C 2.83107385981 425 426
C 2.26810331366 425 426
C 1.89004228706 425 426
C 37.4274197877 435 436
C 54.3018400471 435 436
C 89.9408455179 435 436
C 141.285418871 435 436
C 162.369708029 435 436
C 123.551535748 435 436
C 43.6063959429 435 436
C 27.0312220528 435 436
C 63.1415440951 460 461
C 73.117341858 460 461
C 84.1027591822 460 461
C 92.5700912707 460 461
C 94.3965787804 460 461
C 83.0642375368 460 461
C 65.8288017013 460 461
C 49.1995351926 460 461
C 16.6961711721 463 464
C 21.8846563974 463 464
C 59.8318733088 463 464
C 141.59232975 463 464
C 155.693472959 463 464
C 128.514745405 463 464
C 10.8017911992 463 464
C 0.260118836014 463 464
C 37.1818044637 475 476
C 48.6339242779 475 476
C 79.6628671202 475 476
C 125.996559385 475 476
C 144.542707913 475 476
C 124.504688549 475 476
C 15.7152408811 475 476
C 3.47355671035 475 476
C 22.4276176367 492 493
C 30.6598525587 492 493
C 62.0737894229 492 493
C 169.549735618 492 493
C 137.591565554 492 493
C 108.772396263 492 493
C 88.8998011908 492 493
C 74.9300954799 492 493
C 49.674650172 497 498
C 64.5889798159 497 498
C 93.369405214 497 498
C 134.343065641 497 498
C 144.269597494 497 498
C 97.6871705882 497 498
C 54.5771481478 497 498
C 35.7236180559 497 498
C 17.1846831615 501 502
C 22.9128878002 501 502
C 44.5108107416 501 502
C 149.765288912 501 502
C 134.003796075 501 502
C 112.401036819 501 502
C 95.83118132 501 502
C 81.3900704092 501 502
C 58.0795339276 521 522
C 75.172872976 521 522
C 99.8646037865 521 522
C 133.451220929 521 522
C 172.625517217 521 522
C 98.0247196852 521 522
C 43.9240989969 521 522
C 25.9163232151 521 522
C 22.2919123857 8 9
C 39.2559210384 8 9
C 92.5898254211 8 9
C 150.529525659 8 9
C 169.736422481 8 9
C 114.762493965 8 9
C 49.2832281992 8 9
C 32.1709502706 8 9
C 62.9009228076 28 29
C 72.780191299 28 29
C 84.5335496794 28 29
C 98.5799849641 28 29
C 110.107707514 28 29
C 109.220155527 28 29
C 96.2183992805 28 29
C 83.4755521339 28 29
C 47.0820489151 52 53
C 66.0468130388 52 53
C 96.1439900451 52 53
C 127.326184725 52 53
C 150.335923516 52 53
C 130.863722056 52 53
C 23.3102576779 52 53
C 15.1875577252 52 53
C 28.139184559 61 62
C 51.3943413448 61 62
C 108.660631298 61 62
C 148.630183832 61 62
C 154.828183223 61 62
C 111.600348784 61 62
C 24.0031024315 61 62
C 13.6445405931 61 62
C 48.1557625682 64 65
C 64.8062250566 64 65
C 91.8985082194 64 65
C 121.038625176 64 65
C 138.873107934 64 65
C 117.99661775 64 65
C 36.4772995719 64 65
C 15.8972783743 64 65
C 60.5866444345 87 88
C 80.3991080827 87 88
C 106.18467083 87 88
C 127.995672186 87 88
C 144.117958457 87 88
C 105.508636783 87 88
C 58.4832277315 87 88
C 36.178326218 87 88
C 26.9123358114 88 89
C 38.4894188296 88 89
C 77.9020758889 88 89
C 116.16099284 88 89
C 124.16806844 88 89
C 105.124708124 88 89
C 62.8192528881 88 89
C 36.0533016736 88 89
C 62.6568686928 109 110
C 75.3972328854 109 110
C 88.8070758814 109 110
C 99.7470163496 109 110
C 104.103156306 109 110
C 95.3200612269 109 110
C 74.7180827609 109 110
C 52.7636774185 109 110
C 8.16799125055 112 113
C 17.4519389963 112 113
C 64.500707077 112 113
C 136.176640123 112 113
C 150.340003077 112 113
C 129.196126268 112 113
C 18.5878026813 112 113
C 2.86317570434 112 113
C 8.36385583153 136 137
C 11.8967980952 136 137
C 90.0117369288 136 137
C 169.349905467 136 137
C 161.797527024 136 137
C 106.590862058 136 137
C 25.699447438 136 137
C 14.3514938004 136 137
C 46.6588415927 140 141
C 66.2958482997 140 141
C 95.5190553511 140 141
C 124.163723076 140 141
C 146.099761249 140 141
C 139.048456059 140 141
C 29.4815568332 140 141
C 19.4734191965 140 141
C 30.3846852876 153 154
C 42.4487131787 153 154
C 80.4956090252 153 154
C 126.324494601 153 154
C 133.708224353 153 154
C 105.080538391 153 154
C 77.9617568464 153 154
C 58.3841121882 153 154
C 51.9274034681 158 159
C 64.9535766651 158 159
C 79.7577264769 158 159
C 95.7426140068 158 159
C 107.349782272 158 159
C 106.977503772 158 159
C 100.07518275 158 159
C 89.0119662288 158 159
C 40.5347507493 170 171
C 51.8782050759 170 171
C 87.8346416496 170 171
C 147.540996034 170 171
C 129.590466703 170 171
C 92.0394053668 170 171
C 65.7194775836 170 171
C 53.0092141328 170 171
C 15.7681677328 230 231
C 14.1319187587 230 231
C 107.479335889 230 231
C 146.65304951 230 231
C 136.014452951 230 231
C 113.498910713 230 231
C 88.9737987055 230 231
C 68.6910943433 230 231
C 33.9075634066 244 245
C 40.9968884814 244 245
C 64.772200323 244 245
C 132.55240946 244 245
C 129.970623678 244 245
C 94.4959246368 244 245
C 64.2479877526 244 245
C 45.968378377 244 245
C 13.5833491216 255 256
C 26.736297665 255 256
C 75.643931803 255 256
C 152.778543502 255 256
C 169.22998753 255 256
C 123.842273148 255 256
C 55.4658941803 255 256
C 38.0156504743 255 256
C 55.4081989595 269 270
C 65.2558610254 269 270
C 83.8047732733 269 270
C 107.852400131 269 270
C 113.057177327 269 270
C 95.4181437578 269 270
C 73.8337713986 269 270
C 50.6578781199 269 270
C 56.3997785614 289 290
C 66.0937558744 289 290
C 78.8764211336 289 290
C 93.5343709989 289 290
C 106.545197328 289 290
C 107.988035396 289 290
C 97.688766599 289 290
C 85.5960937716 289 290
C 61.2070185149 295 296
C 70.0488438083 295 296
C 80.9714703516 295 296
C 94.1718321148 295 296
C 106.163436826 295 296
C 105.743507126 295 296
C 90.8194733969 295 296
C 78.6669708903 295 296
C 32.117132437 338 339
C 45.3520943484 338 339
C 74.2677733168 338 339
C 116.014348085 338 339
C 135.384303364 338 339
C 118.247066073 338 339
C 48.8401637444 338 339
C 20.6820938485 338 339
C 56.2673301755 356 357
C 71.4968811893 356 357
C 97.794261813 356 357
C 134.696571137 356 357
C 173.354417626 356 357
C 114.520420726 356 357
C 40.7963980125 356 357
C 21.1116250785 356 357
C 29.0428042578 359 360
C 37.7897772014 359 360
C 91.2819627952 359 360
C 131.022473975 359 360
C 125.50166839 359 360
C 106.553804197 359 360
C 89.6614367756 359 360
C 75.392163635 359 360
C 34.6362693501 376 377
C 56.3585835477 376 377
C 91.6019332103 376 377
C 121.455601821 376 377
C 133.658765234 376 377
C 120.399744838 376 377
C 27.8798805848 376 377
C 12.0254968632 376 377
C 36.6565158185 386 387
C 49.4688703434 386 387
C 84.7194610431 386 387
C 106.455014836 386 387
C 111.786432696 386 387
C 101.899391594 386 387
C 91.2726647462 386 387
C 80.1709339572 386 387
C 58.0949088716 410 411
C 71.3474102937 410 411
C 94.7774643062 410 411
C 131.313717076 410 411
C 161.573213282 410 411
C 92.8733988413 410 411
C 43.9984196441 410 411
C 27.4503801459 410 411
C 53.7712233657 416 417
C 65.2476828183 416 417
C 80.1151569245 416 417
C 97.7174092852 416 417
C 103.776689801 416 417
C 94.1946082312 416 417
C 70.1753405092 416 417
C 45.6727436484 416 417
C 67.3203954874 425 426
C 79.3656676892 425 426
C 91.7351113462 425 426
C 105.374791159 425 426
C 114.225498056 425 426
C 108.142463578 425 426
C 89.1148657519 425 426
C 71.51899487 425 426
C 37.1554012777 435 436
C 54.1030108281 435 436
C 89.584621876 435 436
C 139.865304371 435 436
C 160.884898279 435 436
C 121.478178506 435 436
C 43.2618932479 435 436
C 27.3615120945 435 436
C 56.1260122165 462 463
C 73.5001585126 462 463
C 102.328216983 462 463
C 128.454315695 462 463
C 139.473722214 462 463
C 106.270293282 462 463
C 26.4705614425 462 463
C 9.5348612722 462 463
C 17.1857113261 463 464
C 22.2103203415 463 464
C 59.8064404096 463 464
C 141.527718609 463 464
C 155.77721714 463 464
C 128.71646624 463 464
C 11.234151976 463 464
C 0.41595259577 463 464
C 36.2277193577 475 476
C 47.50197649 475 476
C 79.5480241142 475 476
C 127.255728333 475 476
C 145.367707479 475 476
C 124.866369697 475 476
C 14.82681056 475 476
C 1.89120601977 475 476
C 25.0556827791 492 493
C 34.4585068671 492 493
C 65.5394018815 492 493
C 165.083571124 492 493
C 137.006256151 492 493
C 108.300142326 492 493
C 89.3625634077 492 493
C 75.993264999 492 493
C 47.4821822056 497 498
C 62.4272741083 497 498
C 91.7621556623 497 498
C 134.287944704 497 498
C 142.815830612 497 498
C 98.1731367445 497 498
C 55.7123521029 497 498
C 36.6655403515 497 498
C 17.319626199 501 502
C 23.0311513989 501 502
C 45.3226843036 501 502
C 146.9952144 501 502
C 133.077400907 501 502
C 111.455607597 501 502
C 94.6014529126 501 502
C 79.8897373645 501 502
C 57.7638475553 521 522
C 74.7250833724 521 522
C 99.7435451 521 522
C 133.681128146 521 522
C 174.68119714 521 522
C 95.4932598561 521 522
C 41.109652568 521 522
C 24.0603363679 521 522
C 21.9658839925 8 9
C 38.5308834971 8 9
C 91.3297845262 8 9
C 150.651279308 8 9
C 171.195041733 8 9
C 115.664450668 8 9
C 50.1159056587 8 9
C 32.7228025993 8 9
C 63.2078625887 30 31
C 73.3502102913 30 31
C 84.7018453386 30 31
C 99.1808468616 30 31
C 106.68045543 30 31
C 95.7659810891 30 31
C 71.0836165525 30 31
C 48.7362544147 30 31
C 18.2110330566 53 54
C 18.1646785633 53 54
C 56.4028580644 53 54
C 129.697185547 53 54
C 125.10356318 53 54
C 105.884738046 53 54
C 88.5483246817 53 54
C 74.1454312818 53 54
C 25.7734229664 61 62
C 48.3384038532 61 62
C 109.337071495 61 62
C 150.536518812 61 62
C 158.115011799 61 62
C 112.469283299 61 62
C 20.4554929072 61 62
C 12.3136179556 61 62
C 47.2950498436 64 65
C 63.7855197384 64 65
C 91.2889552925 64 65
C 121.059176924 64 65
C 139.45964312 64 65
C 121.564714505 64 65
C 36.8657384169 64 65
C 16.295589475 64 65
C 61.0325171038 87 88
C 80.7972020303 87 88
C 106.194623535 87 88
C 127.670604231 87 88
C 146.786732984 87 88
C 108.688797191 87 88
C 57.1159422312 87 88
C 34.4618076967 87 88
C 25.2821449075 88 89
C 35.0160326329 88 89
C 75.487314015 88 89
C 117.415440402 88 89
C 124.040630619 88 89
C 101.699518571 88 89
C 59.0373734951 88 89
C 34.5300314774 88 89
C 63.8093646273 109 110
C 76.8276412398 109 110
C 90.3552325179 109 110
C 101.409930947 109 110
C 105.755220288 109 110
C 96.7196242535 109 110
C 75.09582974 109 110
C 52.2357889923 109 110
C 8.58707055594 112 113
C 18.3389869816 112 113
C 63.6444282162 112 113
C 134.66607056 112 113
C 149.626199037 112 113
C 127.772644532 112 113
C 19.9288216229 112 113
C 4.28472249445 112 113
C 8.4771049954 136 137
C 10.6426356035 136 137
C 92.4057237298 136 137
C 168.118372135 136 137
C 159.041776863 136 137
C 109.947845849 136 137
C 28.8796154119 136 137
C 15.6628562737 136 137
C 46.8149351649 140 141
C 66.5331102543 140 141
C 95.4725350214 140 141
C 123.459395593 140 141
C 144.375822877 140 141
C 138.504111381 140 141
C 27.9858477298 140 141
C 18.7858693969 140 141
C 31.1010106534 153 154
C 43.40327622 153 154
C 82.1318984173 153 154
C 127.27788574 153 154
C 134.758883099 153 154
C 106.252584413 153 154
C 78.4886311859 153 154
C 58.5665619222 153 154
C 28.2079759178 156 157
C 33.7482312258 156 157
C 93.8511750872 156 157
C 153.090631667 156 157
C 142.376484392 156 157
C 116.308045111 156 157
C 81.4255225103 156 157
C 54.3158342883 156 157
C 39.7774582011 170 171
C 51.4959915165 170 171
C 89.2544710207 170 171
C 148.90770038 170 171
C 130.051067517 170 171
C 91.4100345435 170 171
C 64.4999175599 170 171
C 51.6330256485 170 171
C 15.7628608604 230 231
C 14.6505791985 230 231
C 105.769129617 230 231
C 147.413368811 230 231
C 136.147180778 230 231
C 113.287738663 230 231
C 88.6102772731 230 231
C 68.4312096401 230 231
C 1.14668259272 244 245
C 1.14329731401 244 245
C 1.3293559442 244 245
C 1.58520548777 244 245
C 1.96157078466 244 245
C 2.57006752653 244 245
C 3.71982344798 244 245
C 6.72682315012 244 245
C 12.9316682407 255 256
C 25.7648552604 255 256
C 75.2408151601 255 256
C 153.891493333 255 256
C 168.370666123 255 256
C 123.333355829 255 256
C 55.6336016285 255 256
C 38.1774926278 255 256
C 55.7369113293 269 270
C 65.6139891743 269 270
C 84.1459929831 269 270
C 108.175875157 269 270
C 113.153970323 269 270
C 95.2826798285 269 270
C 73.4839351279 269 270
C 50.1617189566 269 270
C 62.4058717149 284 285
C 70.8781771872 284 285
C 81.9156495051 284 285
C 98.9870001228 284 285
C 110.609889178 284 285
C 107.237344143 284 285
C 92.676056215 284 285
C 79.4184818935 284 285
C 61.0599450858 295 296
C 69.9991482357 295 296
C 81.0275418796 295 296
C 94.4068287567 295 296
C 106.510863953 295 296
C 106.032904062 295 296
C 90.9116978449 295 296
C 78.6160120382 295 296
C 31.7326573142 338 339
C 44.8026685379 338 339
C 73.7320529227 338 339
C 115.968557246 338 339
C 135.652607953 338 339
C 119.0665069 338 339
C 48.2394195509 338 339
C 19.8705622288 338 339
C 10.4703573397 357 358
C 20.8555587825 357 358
C 70.5200026256 357 358
C 133.636962194 357 358
C 126.926611319 357 358
C 99.4606138127 357 358
C 70.3911272376 357 358
C 51.9845518065 357 358
C 27.5653461964 359 360
C 34.9801478885 359 360
C 90.7082973985 359 360
C 132.442478662 359 360
C 126.347745589 359 360
C 107.330845367 359 360
C 90.403874422 359 360
C 76.2372739348 359 360
C 33.0642780302 376 377
C 55.0614585934 376 377
C 90.7069419383 376 377
C 119.826539013 376 377
C 131.189070835 376 377
C 116.350395918 376 377
C 31.3582269683 376 377
C 12.8335832638 376 377
C 55.3846809293 385 386
C 76.402369937 385 386
C 102.317674775 385 386
C 122.543123093 385 386
C 130.274995306 385 386
C 92.6405585353 385 386
C 58.2909218667 385 386
C 42.4357449056 385 386
C 11.7434236365 411 412
C 29.4898601327 411 412
C 97.1205801066 411 412
C 139.560943248 411 412
C 146.609488194 411 412
C 99.8343905079 411 412
C 34.5164818194 411 412
C 23.00985301 411 412
C 51.2320220573 417 418
C 62.00956868 417 418
C 80.2539594184 417 418
C 112.562086919 417 418
C 130.747622447 417 418
C 117.138539661 417 418
C 97.2894125086 417 418
C 80.9221778853 417 418
C 68.338307577 425 426
C 80.6349296358 425 426
C 93.0823097675 425 426
C 106.016130686 425 426
C 113.523831973 425 426
C 105.929621625 425 426
C 86.5896151001 425 426
C 69.3469691856 425 426
C 36.3412358733 435 436
C 53.3089497344 435 436
C 89.4762894175 435 436
C 141.057311074 435 436
C 161.952342496 435 436
C 123.227599979 435 436
C 42.6868713487 435 436
C 26.8917978208 435 436
C 57.4536707284 462 463
C 74.7642193503 462 463
C 102.982110541 462 463
C 128.073315948 462 463
C 138.953820131 462 463
C 104.562535836 462 463
C 25.2643332828 462 463
C 9.07843298382 462 463
C 17.7954349388 463 464
C 22.9190139437 463 464
C 61.8066873819 463 464
C 143.316465664 463 464
C 156.995660985 463 464
C 126.327517365 463 464
C 8.88786196235 463 464
C 1.17113451269 463 464
C 36.9813490951 475 476
C 48.2205951274 475 476
C 78.3709780828 475 476
C 124.315226493 475 476
C 142.82686789 475 476
C 122.689555609 475 476
C 19.8017722925 475 476
C 4.50909656291 475 476
C 23.2783773144 492 493
C 32.1142322832 492 493
C 66.4692464155 492 493
C 163.81942672 492 493
C 135.986209011 492 493
C 108.033578725 492 493
C 88.9477767097 492 493
C 75.5729845288 492 493
C 45.7769845188 497 498
C 60.5156684714 497 498
C 90.2862178404 497 498
C 136.381934834 497 498
C 145.645083712 497 498
C 98.7376171229 497 498
C 54.5990746311 497 498
C 35.5920284537 497 498
C 15.649647318 501 502
C 20.4886399614 501 502
C 37.9637056245 501 502
C 143.117884209 501 502
C 131.644606558 501 502
C 111.208224411 501 502
C 95.2100082715 501 502
C 80.9709231951 501 502
C 58.9332229111 521 522
C 76.0791469094 521 522
C 100.674458556 521 522
C 133.198475142 521 522
C 173.876246949 521 522
C 94.6286566855 521 522
C 41.1882910521 521 522
C 24.3857194437 521 522
C 41.3805195021 10 11
C 54.7320630663 10 11
C 79.327860258 10 11
C 102.168930393 10 11
C 110.826916306 10 11
C 106.040490819 10 11
C 91.9374342343 10 11
C 75.7821639278 10 11
C 62.3844982304 28 29
C 72.3173888075 28 29
C 84.2960876943 28 29
C 98.357655004 28 29
C 110.152314804 28 29
C 109.36087279 28 29
C 96.460684025 28 29
C 83.9184111814 28 29
C 19.7605413347 53 54
C 21.525312966 53 54
C 66.1214879376 53 54
C 128.344419221 53 54
C 124.078781573 53 54
C 105.382338805 53 54
C 88.2821613361 53 54
C 74.0374850399 53 54
C 27.0190153828 61 62
C 49.1254477457 61 62
C 106.567972096 61 62
C 146.988281239 61 62
C 150.714574145 61 62
C 110.579298357 61 62
C 26.3406490147 61 62
C 13.0383653064 61 62
C 47.9452988273 64 65
C 64.6694054506 64 65
C 91.9802801295 64 65
C 122.129764255 64 65
C 140.155534071 64 65
C 120.895825173 64 65
C 37.4926345333 64 65
C 16.7736655326 64 65
C 59.1389679451 87 88
C 78.893594215 87 88
C 105.120437588 87 88
C 127.284599943 87 88
C 147.24805701 87 88
C 109.556103847 87 88
C 55.3940772738 87 88
C 32.960187875 87 88
C 23.7976475992 88 89
C 32.4176222836 88 89
C 73.6760848995 88 89
C 118.149203453 88 89
C 123.97692048 88 89
C 99.6756703621 88 89
C 57.1576215436 88 89
C 33.6868878017 88 89
C 63.2548001243 109 110
C 76.3384021292 109 110
C 89.6705270003 109 110
C 100.36375643 109 110
C 104.486930003 109 110
C 95.3373125607 109 110
C 74.0677729488 109 110
C 51.6077615869 109 110
C 8.66389990481 112 113
C 19.1177349485 112 113
C 64.067154954 112 113
C 133.215079337 112 113
C 147.638315565 112 113
C 123.417891522 112 113
C 22.4531457338 112 113
C 5.43595550186 112 113
C 5.73016043915 136 137
C 7.30369591822 136 137
C 129.381297405 136 137
C 171.21431582 136 137
C 156.292567821 136 137
C 108.302392155 136 137
C 34.5178734863 136 137
C 19.0728588468 136 137
C 41.3726699184 140 141
C 60.0474679945 140 141
C 91.0167949291 140 141
C 122.860166936 140 141
C 143.887694974 140 141
C 126.569620896 140 141
C 22.3903121061 140 141
C 15.6364391424 140 141
C 32.4275787309 153 154
C 44.6277811294 153 154
C 80.8257180107 153 154
C 124.761889073 153 154
C 134.034530832 153 154
C 105.773156853 153 154
C 77.81715362 153 154
C 57.7983410829 153 154
C 51.6091418787 158 159
C 64.5635820179 158 159
C 79.3560273051 158 159
C 95.816941485 158 159
C 107.691485651 158 159
C 106.916388942 158 159
C 100.086203276 158 159
C 88.7942677579 158 159
C 40.4124887657 170 171
C 52.009258151 170 171
C 88.5783259135 170 171
C 147.020261051 170 171
C 129.88297683 170 171
C 91.9263334164 170 171
C 65.2992829591 170 171
C 52.4826441246 170 171
C 17.0635094552 230 231
C 17.979064081 230 231
C 104.729559738 230 231
C 149.203898333 230 231
C 137.522608346 230 231
C 114.456798019 230 231
C 89.4560162252 230 231
C 68.8715928496 230 231
C 35.6489056658 244 245
C 42.2970455099 244 245
C 64.9990185717 244 245
C 123.071745856 244 245
C 126.642826192 244 245
C 93.7945995214 244 245
C 64.290857304 244 245
C 46.016445222 244 245
C 11.7939450945 255 256
C 23.9368160544 255 256
C 73.1016525973 255 256
C 155.44549391 255 256
C 168.71005524 255 256
C 122.582177461 255 256
C 54.5751199697 255 256
C 37.4281748644 255 256
C 56.988059982 269 270
C 67.0521924345 269 270
C 85.8294155476 269 270
C 109.512229386 269 270
C 114.211582127 269 270
C 96.2561898111 269 270
C 74.0097235806 269 270
C 50.1744204244 269 270
C 62.0080581077 284 285
C 70.5810520729 284 285
C 81.8329825684 284 285
C 99.0912475374 284 285
C 110.892053879 284 285
C 107.5871608 284 285
C 92.7851013959 284 285
C 79.1978907622 284 285
C 61.8543815647 295 296
C 70.6328185648 295 296
C 81.4767892767 295 296
C 94.603321012 295 296
C 106.503542616 295 296
C 105.851786468 295 296
C 90.7271006667 295 296
C 78.4795658985 295 296
C 31.105264882 338 339
C 43.9154255832 338 339
C 73.2486559025 338 339
C 116.711395562 338 339
C 136.359997013 338 339
C 119.101338492 338 339
C 48.4752929691 338 339
C 20.253572902 338 339
C 54.4484175066 356 357
C 69.4290593787 356 357
C 96.1342952762 356 357
C 134.472957476 356 357
C 172.919601346 356 357
C 116.973831341 356 357
C 40.054508943 356 357
C 20.4314404935 356 357
C 29.4026797447 359 360
C 38.0909354413 359 360
C 93.0422865921 359 360
C 132.397893892 359 360
C 126.628798603 359 360
C 107.389901924 359 360
C 89.5372370592 359 360
C 74.399370056 359 360
C 34.2574090701 376 377
C 55.6562693828 376 377
C 90.4756942652 376 377
C 120.010856817 376 377
C 131.669764384 376 377
C 116.483128064 376 377
C 28.9808111618 376 377
C 12.7139075246 376 377
C 36.7239633694 386 387
C 49.8573831384 386 387
C 84.3353282709 386 387
C 105.46743718 386 387
C 110.921355003 386 387
C 101.464296948 386 387
C 90.7975143179 386 387
C 79.8233413596 386 387
C 12.2166862 411 412
C 29.6692722619 411 412
C 98.3552508183 411 412
C 140.285401634 411 412
C 147.227167048 411 412
C 98.7624382136 411 412
C 31.9820201805 411 412
C 21.5594864768 411 412
C 51.3465849451 417 418
C 61.7770874529 417 418
C 79.6767204973 417 418
C 111.179171701 417 418
C 129.874305088 417 418
C 116.611725339 417 418
C 96.7803449549 417 418
C 80.2915056208 417 418
C 64.1862003008 423 424
C 73.7759001285 423 424
C 84.4496304952 423 424
C 96.7219849223 423 424
C 109.232087287 423 424
C 107.700772615 423 424
C 92.8680153599 423 424
C 76.4003793445 423 424
C 37.5319858884 435 436
C 54.521672468 435 436
C 89.9068337888 435 436
C 140.500487242 435 436
C 162.643977562 435 436
C 123.584833953 435 436
C 43.0382957961 435 436
C 26.8216303336 435 436
C 56.7850945997 462 463
C 74.3405280062 462 463
C 103.334119232 462 463
C 128.506743523 462 463
C 138.886274864 462 463
C 105.508502858 462 463
C 29.5053051193 462 463
C 11.2742256912 462 463
C 18.4850871339 463 464
C 23.8553184941 463 464
C 61.0959810243 463 464
C 138.718873081 463 464
C 153.834611652 463 464
C 126.262479041 463 464
C 14.7189630266 463 464
C 2.93523876188 463 464
C 39.1595473617 475 476
C 51.3234242954 475 476
C 83.3229886145 475 476
C 127.796822678 475 476
C 146.105510916 475 476
C 121.927982143 475 476
C 10.5820180702 475 476
C 3.45612407262 475 476
C 22.3971065564 492 493
C 30.5318493646 492 493
C 61.9405347928 492 493
C 165.2027227 492 493
C 135.666002165 492 493
C 108.762852498 492 493
C 90.4952596374 492 493
C 77.5717012587 492 493
C 46.3774720871 497 498
C 61.4515598707 497 498
C 91.6574965666 497 498
C 135.48847369 497 498
C 142.384565478 497 498
C 98.1715961448 497 498
C 54.2309631627 497 498
C 35.2082313729 497 498
C 15.8451933998 501 502
C 20.7750523199 501 502
C 41.880546679 501 502
C 144.16861972 501 502
C 132.180692528 501 502
C 111.321707114 501 502
C 94.6122978736 501 502
C 79.9608372434 501 502
C 58.201628386 521 522
C 75.191264096 521 522
C 99.9312901422 521 522
C 132.883525056 521 522
C 172.209100058 521 522
C 96.2125637621 521 522
C 40.1503963726 521 522
C 23.24117337 521 522
C 22.5164921824 8 9
C 39.1310995539 8 9
C 90.9510283813 8 9
C 150.386339338 8 9
C 170.592464431 8 9
C 114.66037568 8 9
C 51.0781432787 8 9
C 33.6264946107 8 9
C 62.6025420899 28 29
C 72.5175812458 28 29
C 84.5266622479 28 29
C 98.8884871408 28 29
C 110.857781499 28 29
C 109.776649762 28 29
C 96.4436530802 28 29
C 83.5542959651 28 29
C 17.9531093215 53 54
C 18.4707737892 53 54
C 64.0603323227 53 54
C 128.940065484 53 54
C 124.993103084 53 54
C 106.348540879 53 54
C 88.916245458 53 54
C 74.5307937215 53 54
C 25.6234447853 61 62
C 47.7488841454 61 62
C 108.911311177 61 62
C 150.510113908 61 62
C 155.044325007 61 62
C 114.313985702 61 62
C 23.620165945 61 62
C 12.8645273723 61 62
C 48.0345889493 64 65
C 64.890071236 64 65
C 92.1193550831 64 65
C 121.591070618 64 65
C 139.262509214 64 65
C 119.350786464 64 65
C 38.8790042457 64 65
C 16.7341805548 64 65
C 60.166668123 87 88
C 79.8392677365 87 88
C 105.772333213 87 88
C 128.007019903 87 88
C 144.968836113 87 88
C 106.673079318 87 88
C 58.6661580504 87 88
C 36.087778218 87 88
C 25.7773389828 88 89
C 36.7614707335 88 89
C 76.3719852119 88 89
C 115.500049005 88 89
C 123.640402053 88 89
C 104.343403352 88 89
C 62.3218065863 88 89
C 35.7596945625 88 89
C 63.3508488392 109 110
C 76.3627638111 109 110
C 90.0889690891 109 110
C 101.344094712 109 110
C 105.565923546 109 110
C 96.6625828812 109 110
C 75.4108064009 109 110
C 52.8552167446 109 110
C 7.06149058387 112 113
C 16.3131781525 112 113
C 60.6513953299 112 113
C 136.088455908 112 113
C 150.259326456 112 113
C 126.321247425 112 113
C 21.2369738044 112 113
C 5.35386363132 112 113
C 7.34610790315 136 137
C 11.3540050392 136 137
C 90.3156761104 136 137
C 171.965261916 136 137
C 163.193987759 136 137
C 106.857648653 136 137
C 25.6926808288 136 137
C 14.2707217384 136 137
C 46.3069496885 140 141
C 65.8917314678 140 141
C 94.9994614639 140 141
C 123.578949607 140 141
C 144.701765035 140 141
C 139.434069666 140 141
C 26.1773474348 140 141
C 17.8554090533 140 141
C 31.3080254732 153 154
C 43.0729360285 153 154
C 81.3667398943 153 154
C 126.010850181 153 154
C 133.645876188 153 154
C 105.617283665 153 154
C 77.8636886397 153 154
C 57.7519901719 153 154
C 51.9652265436 158 159
C 65.1137534519 158 159
C 80.0958402821 158 159
C 95.8847895475 158 159
C 107.367712852 158 159
C 107.155798159 158 159
C 99.2747307396 158 159
C 87.8545114974 158 159
C 40.0721416568 170 171
C 51.5139491037 170 171
C 87.9796106405 170 171
C 147.378661175 170 171
C 129.438812802 170 171
C 91.7918751289 170 171
C 65.350908895 170 171
C 52.5860042252 170 171
C 17.3797143669 230 231
C 17.5563545767 230 231
C 119.625745997 230 231
C 149.543235688 230 231
C 137.680879137 230 231
C 114.129605227 230 231
C 87.959625069 230 231
C 66.5556923155 230 231
C 38.5121158239 244 245
C 45.8220894098 244 245
C 68.934747984 244 245
C 124.789676133 244 245
C 128.452926436 244 245
C 93.882166562 244 245
C 63.756408181 244 245
C 45.5057606348 244 245
C 13.3459343323 255 256
C 26.243855056 255 256
C 74.9990487194 255 256
C 153.314857382 255 256
C 169.793675362 255 256
C 123.941838499 255 256
C 54.7503229648 255 256
C 37.4442502994 255 256
C 55.7482004374 269 270
C 65.7016895039 269 270
C 84.2330019457 269 270
C 107.877430577 269 270
C 112.953699674 269 270
C 95.381770218 269 270
C 73.5951028828 269 270
C 50.2667976286 269 270
C 61.5141691368 284 285
C 70.1131352999 284 285
C 81.4221468473 284 285
C 98.8220821786 284 285
C 110.919883528 284 285
C 107.939536674 284 285
C 93.5741681646 284 285
C 80.347853323 284 285
C 61.3663645093 295 296
C 70.2318075368 295 296
C 81.2450234814 295 296
C 94.4065502362 295 296
C 106.207194971 295 296
C 105.503183646 295 296
C 90.5484686774 295 296
C 78.4036575786 295 296
C 31.233105991 338 339
C 44.0232322637 338 339
C 72.5366356017 338 339
C 115.192152924 338 339
C 135.253558643 338 339
C 119.002819637 338 339
C 49.0104258281 338 339
C 20.0186036348 338 339
C 54.4681845881 356 357
C 69.5855271868 356 357
C 96.0861948263 356 357
C 134.339368734 356 357
C 170.991162812 356 357
C 124.245694118 356 357
C 42.9245361097 356 357
C 20.5085467964 356 357
C 32.2576235808 359 360
C 42.4724145396 359 360
C 93.7886090929 359 360
C 130.582189354 359 360
C 125.456948787 359 360
C 106.408981405 359 360
C 88.8193111504 359 360
C 73.8508437722 359 360
C 33.573181606 376 377
C 54.8857224825 376 377
C 90.483462638 376 377
C 120.922672372 376 377
C 132.721683384 376 377
C 118.419339182 376 377
C 30.0975257289 376 377
C 13.1631016086 376 377
C 36.2573447029 386 387
C 49.2871831615 386 387
C 85.3326011267 386 387
C 107.166959734 386 387
C 112.37445034 386 387
C 102.455213375 386 387
C 91.7128874486 386 387
C 80.5666596077 386 387
C 11.6894517488 411 412
C 29.3452356534 411 412
C 96.7418209939 411 412
C 140.182635884 411 412
C 148.212442762 411 412
C 100.834319487 411 412
C 33.7266190045 411 412
C 22.6019820009 411 412
C 51.7936021589 417 418
C 62.7034563021 417 418
C 80.7767408988 417 418
C 112.595631701 417 418
C 130.646141526 417 418
C 116.976454751 417 418
C 96.8840634842 417 418
C 80.1593432501 417 418
C 67.8109421008 425 426
C 80.1312693508 425 426
C 92.6145293927 425 426
C 105.797247323 425 426
C 113.807987048 425 426
C 107.115390574 425 426
C 87.998402324 425 426
C 70.4670845636 425 426
C 37.5540143755 435 436
C 54.6368750882 435 436
C 90.2694825645 435 436
C 140.648018918 435 436
C 161.720534855 435 436
C 121.747936513 435 436
C 42.8612540895 435 436
C 26.9694305231 435 436
C 56.1125656714 462 463
C 73.6795494424 462 463
C 102.786760164 462 463
C 128.782969506 462 463
C 139.932412403 462 463
C 105.577922017 462 463
C 26.2358867728 462 463
C 9.82800562627 462 463
C 17.1072077272 463 464
C 22.0716460068 463 464
C 60.4627722862 463 464
C 141.245149735 463 464
C 153.691248313 463 464
C 120.180059091 463 464
C 16.8980158955 463 464
C 4.45821843481 463 464
C 37.0763313743 475 476
C 48.4483582658 475 476
C 79.4829698356 475 476
C 125.766292028 475 476
C 144.093697603 475 476
C 123.905136921 475 476
C 16.8512017466 475 476
C 3.21480075561 475 476
C 21.3341414544 492 493
C 28.6261067511 492 493
C 57.7455832225 492 493
C 158.367603504 492 493
C 132.649877363 492 493
C 106.502482369 492 493
C 88.5435942547 492 493
C 75.8617100461 492 493
C 46.8928533022 497 498
C 61.9947806 497 498
C 91.9084455707 497 498
C 135.639946513 497 498
C 143.498770429 497 498
C 98.4971030524 497 498
C 54.8078544427 497 498
C 35.7399680118 497 498
C 16.629677032 501 502
C 22.053886564 501 502
C 43.8523323247 501 502
C 146.308316765 501 502
C 133.006772256 501 502
C 111.862086536 501 502
C 95.2317825121 501 502
C 80.6067257581 501 502
C 58.7491305938 521 522
C 75.8053194679 521 522
C 100.331672741 521 522
C 133.29754461 521 522
C 172.512041644 521 522
C 95.7883135773 521 522
C 41.9704924361 521 522
C 24.4857702577 521 522
