N 34.7978431199 10 11
N 54.6617329014 10 11
N 85.4992651497 10 11
N 108.634245282 10 11
N 110.06708536 10 11
N 96.6790135902 10 11
N 80.353055738 10 11
N 68.3797992296 10 11
N 78.0922140053 28 29
N 89.0964571373 28 29
N 102.201667235 28 29
N 107.487821402 28 29
N 95.8652307312 28 29
N 74.8965718954 28 29
N 60.5301333157 28 29
N 50.2078190923 28 29
N 36.9002301455 53 54
N 65.4212970601 53 54
N 113.873494286 53 54
N 143.756706711 53 54
N 145.307930748 53 54
N 114.418621916 53 54
N 79.5558858085 53 54
N 60.4805008373 53 54
N 39.2260736848 61 62
N 66.3217272684 61 62
N 113.209381585 61 62
N 145.155343153 61 62
N 161.589644656 61 62
N 57.9101366079 61 62
N 13.247720404 61 62
N 8.47309963552 61 62
N 30.3110380531 64 65
N 47.6747561058 64 65
N 75.0972997743 64 65
N 97.5647948142 64 65
N 92.8397007046 64 65
N 73.6991534114 64 65
N 52.1020184198 64 65
N 37.7696331227 64 65
N 30.1946598592 87 88
N 54.3120270756 87 88
N 96.0709965105 87 88
N 121.600779426 87 88
N 105.277292492 87 88
N 65.4679679559 87 88
N 39.2543934317 87 88
N 28.7682241433 87 88
N 42.9389582435 88 89
N 70.6762009792 88 89
N 113.957910726 88 89
N 140.05717021 88 89
N 130.353260355 88 89
N 103.545745856 88 89
N 61.3497128931 88 89
N 33.8096110226 88 89
N 70.6230943606 109 110
N 91.4600367955 109 110
N 111.861103347 109 110
N 119.868462921 109 110
N 102.70689638 109 110
N 76.7508993484 109 110
N 61.6821140684 109 110
N 50.5021120856 109 110
N 6.68136913737 112 113
N 16.4889690124 112 113
N 151.245600378 112 113
N 144.168912936 112 113
N 122.528752502 112 113
N 91.903697615 112 113
N 59.3778367359 112 113
N 39.1716876431 112 113
N 44.4995037383 136 137
N 76.267202775 136 137
N 119.484261993 136 137
N 137.791950644 136 137
N 134.815846268 136 137
N 89.8259900395 136 137
N 42.0126275687 136 137
N 25.683110122 136 137
N 14.3118271555 140 141
N 23.0414981637 140 141
N 74.0036355437 140 141
N 128.239850782 140 141
N 109.02558519 140 141
N 69.1405136541 140 141
N 41.1106113113 140 141
N 27.0725037105 140 141
N 61.0181027773 153 154
N 84.4240180762 153 154
N 108.579707775 153 154
N 119.290048319 153 154
N 113.839289197 153 154
N 93.7870861653 153 154
N 67.2811841789 153 154
N 51.1923639096 153 154
N 53.8848918813 158 159
N 74.327459506 158 159
N 101.081587575 158 159
N 113.118835876 158 159
N 105.689708066 158 159
N 88.3231237649 158 159
N 76.7705389606 158 159
N 66.8974904406 158 159
N 69.5384665946 170 171
N 83.7782156943 170 171
N 104.219039151 170 171
N 129.706867349 170 171
N 135.867470064 170 171
N 90.4839657195 170 171
N 47.5364385168 170 171
N 34.5063045022 170 171
N 37.8788073974 230 231
N 63.9622742445 230 231
N 105.466110757 230 231
N 137.607510569 230 231
N 151.873337329 230 231
N 110.290637416 230 231
N 56.8660263755 230 231
N 41.5589044893 230 231
N 79.1602788561 244 245
N 93.8042330009 244 245
N 116.198566612 244 245
N 135.366557875 244 245
N 129.175124461 244 245
N 95.7461833705 244 245
N 61.3523442206 244 245
N 43.7474121401 244 245
N 23.7389228559 255 256
N 39.7740254006 255 256
N 106.77123323 255 256
N 149.112495977 255 256
N 137.108559794 255 256
N 86.9389633723 255 256
N 44.7243003723 255 256
N 27.767215113 255 256
N 75.0330825239 269 270
N 91.2126116422 269 270
N 112.852409718 269 270
N 138.400264506 269 270
N 139.953939971 269 270
N 86.199955469 269 270
N 51.2746873019 269 270
N 37.1775982919 269 270
N 39.8090718289 282 283
N 56.3636361766 282 283
N 91.4828333015 282 283
N 126.456236052 282 283
N 121.749238641 282 283
N 98.3468715024 282 283
N 79.9205985718 282 283
N 67.0213983732 282 283
N 79.0878972015 293 294
N 93.1670218105 293 294
N 111.245604891 293 294
N 115.861335443 293 294
N 101.197212473 293 294
N 75.5605711159 293 294
N 58.637997682 293 294
N 48.286557708 293 294
N 10.6599837207 340 341
N 31.4106799471 340 341
N 88.0603208016 340 341
N 110.46631377 340 341
N 98.4674897644 340 341
N 80.2670032875 340 341
N 64.5013245361 340 341
N 51.8125523593 340 341
N 33.6205334879 357 358
N 65.8192253733 357 358
N 120.643918298 357 358
N 154.35374737 357 358
N 165.269633013 357 358
N 111.867557265 357 358
N 55.7463930281 357 358
N 39.3183294779 357 358
N 39.7938851202 359 360
N 68.4798721721 359 360
N 111.065336521 359 360
N 139.319183662 359 360
N 145.695726487 359 360
N 114.487392837 359 360
N 72.5747637782 359 360
N 54.2920748183 359 360
N 11.2178059987 376 377
N 38.7106468051 376 377
N 129.876599847 376 377
N 134.417488788 376 377
N 119.99620236 376 377
N 84.6343731551 376 377
N 46.8564521705 376 377
N 27.1213267821 376 377
N 48.7188188656 386 387
N 68.8865303675 386 387
N 100.280688187 386 387
N 130.290182606 386 387
N 134.325980663 386 387
N 114.259005988 386 387
N 90.2759303478 386 387
N 72.8284043627 386 387
N 38.4006857277 411 412
N 64.1363419667 411 412
N 121.803400472 411 412
N 136.897943291 411 412
N 120.920509863 411 412
N 82.5788807038 411 412
N 42.6138182209 411 412
N 25.1109789158 411 412
N 45.25669307 416 417
N 60.0831017038 416 417
N 80.4122436154 416 417
N 96.7056791686 416 417
N 94.9944041648 416 417
N 74.5128711161 416 417
N 55.9082685285 416 417
N 43.1951190154 416 417
N 68.3191538986 425 426
N 86.1585494277 425 426
N 106.689983424 425 426
N 119.044398768 425 426
N 107.681849454 425 426
N 77.9681585514 425 426
N 54.8834772587 425 426
N 40.4217948513 425 426
N 38.9100798928 435 436
N 80.8204187618 435 436
N 127.741632564 435 436
N 153.429602901 435 436
N 162.236880673 435 436
N 50.5243730176 435 436
N 27.5288478029 435 436
N 20.3323418156 435 436
N 50.4285006751 462 463
N 69.0455444063 462 463
N 108.392905968 462 463
N 139.514789613 462 463
N 127.370300119 462 463
N 68.4711463933 462 463
N 34.7615741108 462 463
N 25.7453838775 462 463
N 28.4667781188 463 464
N 49.9258996041 463 464
N 110.120736212 463 464
N 137.335663908 463 464
N 126.500522093 463 464
N 97.9365374553 463 464
N 61.0316685106 463 464
N 38.7479262166 463 464
N 63.1344129556 475 476
N 84.2500241283 475 476
N 105.904584463 475 476
N 116.74263173 475 476
N 112.458429318 475 476
N 92.5363984888 475 476
N 64.790242172 475 476
N 43.9523083985 475 476
N 40.5401406873 492 493
N 57.3139391553 492 493
N 94.6501649503 492 493
N 137.491532862 492 493
N 146.468619984 492 493
N 104.154158455 492 493
N 73.0272546209 492 493
N 57.0742243505 492 493
N 39.1477375558 497 498
N 55.1116673577 497 498
N 101.940608029 497 498
N 146.153930906 497 498
N 136.357811668 497 498
N 75.1420199322 497 498
N 34.5612057794 497 498
N 21.6094251521 497 498
N 37.7005802375 501 502
N 58.6996997861 501 502
N 100.461016627 501 502
N 141.278150115 501 502
N 144.833019574 501 502
N 105.792135691 501 502
N 77.3187285736 501 502
N 61.5048380528 501 502
N 77.6902385877 521 522
N 94.0984886591 521 522
N 110.846728859 521 522
N 117.515843952 521 522
N 95.5178855975 521 522
N 57.7323606903 521 522
N 33.6562051109 521 522
N 20.8029401247 521 522
N 12.1973100078 8 9
N 23.3795589756 8 9
N 104.311586449 8 9
N 156.230951198 8 9
N 158.195633139 8 9
N 59.2267091259 8 9
N 12.3389243737 8 9
N 10.5717513567 8 9
N 73.6801277062 30 31
N 88.1338567258 30 31
N 104.812564847 30 31
N 110.332906917 30 31
N 97.3851053054 30 31
N 74.3212079053 30 31
N 52.9875222081 30 31
N 39.9902832912 30 31
N 24.3793462364 52 53
N 37.3226221645 52 53
N 76.1915287882 52 53
N 114.740176363 52 53
N 99.8163150807 52 53
N 58.3545324999 52 53
N 32.8334877154 52 53
N 20.8682603144 52 53
N 39.7315972031 61 62
N 67.8725840602 61 62
N 116.15978119 61 62
N 147.98723223 61 62
N 165.603765607 61 62
N 61.6991444243 61 62
N 13.5237777053 61 62
N 8.40919092133 61 62
N 29.3616436282 64 65
N 46.6836440294 64 65
N 75.0844914631 64 65
N 98.3583312218 64 65
N 93.9143566618 64 65
N 74.8337367957 64 65
N 53.0139182515 64 65
N 38.4204187189 64 65
N 35.4028151682 87 88
N 61.4051865934 87 88
N 98.6061794888 87 88
N 119.84008395 87 88
N 102.202491044 87 88
N 63.2022603129 87 88
N 37.4771661266 87 88
N 27.5269722882 87 88
N 44.4776176478 88 89
N 73.0662992309 88 89
N 115.651943326 88 89
N 141.908803606 88 89
N 131.792216878 88 89
N 103.320708822 88 89
N 58.9811382649 88 89
N 32.1374503794 88 89
N 71.6738587905 109 110
N 92.271939252 109 110
N 111.658572465 109 110
N 118.328830281 109 110
N 101.634960745 109 110
N 77.5161112133 109 110
N 63.6411081335 109 110
N 52.9271874395 109 110
N 4.70702724013 112 113
N 16.7406559975 112 113
N 150.771484211 112 113
N 145.190427568 112 113
N 123.537722637 112 113
N 91.9717700075 112 113
N 58.7596714133 112 113
N 38.6409355156 112 113
N 45.2166743767 136 137
N 75.6166825195 136 137
N 117.985589369 136 137
N 137.404494182 136 137
N 134.61003837 136 137
N 88.6659136386 136 137
N 41.345532822 136 137
N 25.4762434947 136 137
N 0.450295533223 140 141
N 0.540903600193 140 141
N 0.674369152026 140 141
N 0.900198418773 140 141
N 1.34642535322 140 141
N 2.76213822678 140 141
N 41.8359210781 140 141
N 27.7066981648 140 141
N 60.7771229239 153 154
N 84.4532409727 153 154
N 108.874077663 153 154
N 119.769926214 153 154
N 114.356386897 153 154
N 94.1833925866 153 154
N 67.196744994 153 154
N 50.8400903126 153 154
N 53.8753917887 158 159
N 73.6801185382 158 159
N 99.9910061436 158 159
N 113.490775251 158 159
N 107.598535836 158 159
N 90.9079110931 158 159
N 79.3931614492 158 159
N 69.1128406994 158 159
N 69.6920573151 170 171
N 83.8158756553 170 171
N 103.946407252 170 171
N 129.243932967 170 171
N 135.382880071 170 171
N 91.1040243404 170 171
N 48.7532200226 170 171
N 35.5509287176 170 171
N 175.557115649 230 231
N 177.454587254 230 231
N 178.492997175 230 231
N 179.187071482 230 231
N 179.653358553 230 231
N 179.569509223 230 231
N 179.390036231 230 231
N 179.15924392 230 231
N 78.0540498585 244 245
N 93.0693076158 244 245
N 116.069403814 244 245
N 135.527741444 244 245
N 129.241406629 244 245
N 95.7274887891 244 245
N 61.3691252005 244 245
N 43.8223930925 244 245
N 24.6585029041 255 256
N 41.9517240853 255 256
N 107.514534453 255 256
N 147.44227157 255 256
N 136.478835919 255 256
N 84.9459284967 255 256
N 42.9595363175 255 256
N 26.8532471989 255 256
N 74.5432234936 269 270
N 91.0761627669 269 270
N 113.235936676 269 270
N 138.579897945 269 270
N 141.396709035 269 270
N 87.2932204333 269 270
N 50.2591256118 269 270
N 36.0350023029 269 270
N 63.0326992364 284 285
N 76.9342258938 284 285
N 6.90382683658 284 285
N 7.04439213092 284 285
N 3.55402761752 284 285
N 2.37252581132 284 285
N 1.7798316094 284 285
N 1.4195870216 284 285
N 73.8090838676 295 296
N 86.7374262439 295 296
N 100.073717555 295 296
N 105.734695701 295 296
N 97.2659902736 295 296
N 80.4948067287 295 296
N 68.0783164103 295 296
N 58.6322533335 295 296
N 20.0881710861 338 339
N 38.6863323027 338 339
N 127.182877277 338 339
N 136.421903187 338 339
N 121.814020656 338 339
N 96.8193818652 338 339
N 71.116143621 338 339
N 49.0817329401 338 339
N 177.002934909 357 358
N 178.605205474 357 358
N 179.023602897 357 358
N 179.445203699 357 358
N 179.805758443 357 358
N 179.634753378 357 358
N 179.012395878 357 358
N 178.019570819 357 358
N 2.44893938859 359 360
N 3.26808000668 359 360
N 4.91017817136 359 360
N 9.79111954518 359 360
N 145.451702664 359 360
N 115.318855087 359 360
N 74.9067405055 359 360
N 56.215099597 359 360
N 14.2170961666 376 377
N 36.9325031074 376 377
N 128.653337496 376 377
N 133.273290972 376 377
N 117.517575106 376 377
N 84.2153640309 376 377
N 49.9461257198 376 377
N 30.5936669428 376 377
N 49.3758485088 386 387
N 69.6112890907 386 387
N 100.999949559 386 387
N 130.935032278 386 387
N 134.609594657 386 387
N 114.176782265 386 387
N 90.0677492153 386 387
N 72.5458608307 386 387
N 38.3106594675 411 412
N 63.842701926 411 412
N 126.897926046 411 412
N 140.731560503 411 412
N 123.221032958 411 412
N 84.1730172629 411 412
N 43.3429970446 411 412
N 25.6029624109 411 412
N 66.670336236 417 418
N 85.2496829315 417 418
N 114.174302884 417 418
N 135.07411372 417 418
N 132.191733261 417 418
N 86.0410734557 417 418
N 53.992716217 417 418
N 40.0310935252 417 418
N 69.4418617859 425 426
N 86.9877024635 425 426
N 106.343430759 425 426
N 117.907224949 425 426
N 106.886611438 425 426
N 77.6564048592 425 426
N 54.836234922 425 426
N 40.4432019811 425 426
N 40.4120550307 435 436
N 82.0889285415 435 436
N 127.70463187 435 436
N 152.774611185 435 436
N 163.448670046 435 436
N 49.3237013791 435 436
N 27.0151727978 435 436
N 20.0004801874 435 436
N 51.1991393338 462 463
N 69.775527585 462 463
N 108.11519187 462 463
N 138.249557049 462 463
N 125.528343828 462 463
N 68.925429814 462 463
N 35.3874134982 462 463
N 26.2000760961 462 463
N 29.3278480715 463 464
N 51.1858691976 463 464
N 109.039355662 463 464
N 136.440530619 463 464
N 125.961200537 463 464
N 97.5176741933 463 464
N 60.5689045248 463 464
N 38.2359564189 463 464
N 62.2615362062 475 476
N 83.1263773159 475 476
N 104.720784894 475 476
N 115.693561864 475 476
N 111.436646075 475 476
N 91.8051805247 475 476
N 64.5675275466 475 476
N 43.9419333417 475 476
N 40.431293366 492 493
N 57.2219130954 492 493
N 94.6457327492 492 493
N 137.41899354 492 493
N 146.768330732 492 493
N 104.111386236 492 493
N 72.6657635883 492 493
N 56.647433557 492 493
N 38.9929128014 497 498
N 55.1250328911 497 498
N 103.188747067 497 498
N 147.50587272 497 498
N 136.29837138 497 498
N 74.4761850348 497 498
N 34.9181595541 497 498
N 21.9430923711 497 498
N 37.3259120077 501 502
N 58.2521929054 501 502
N 100.617217833 501 502
N 141.687231832 501 502
N 144.963667464 501 502
N 106.222373469 501 502
N 77.5487735023 501 502
N 61.6626587389 501 502
N 76.7522064127 521 522
N 92.5091695266 521 522
N 108.935528917 521 522
N 116.564052326 521 522
N 95.5703514163 521 522
N 58.6057224865 521 522
N 34.7066190982 521 522
N 21.575756559 521 522
N 36.2650080305 10 11
N 56.2804327852 10 11
N 86.9193950949 10 11
N 109.509928937 10 11
N 110.522941867 10 11
N 96.7226124746 10 11
N 79.8934593879 10 11
N 67.8268668541 10 11
N 79.0832936148 28 29
N 90.0600307331 28 29
N 103.000426744 28 29
N 107.785656189 28 29
N 95.916982473 28 29
N 75.3192816616 28 29
N 61.2674500139 28 29
N 50.9039951967 28 29
N 23.8687283109 52 53
N 36.3112355271 52 53
N 76.0145441817 52 53
N 117.456799627 52 53
N 102.584838032 52 53
N 57.8991665788 52 53
N 31.4871844035 52 53
N 19.9346428419 52 53
N 37.1741166999 61 62
N 66.8448550663 61 62
N 118.922546407 61 62
N 150.045252802 61 62
N 164.814303712 61 62
N 58.1717377194 61 62
N 13.4443732099 61 62
N 8.13348299129 61 62
N 28.8914385471 64 65
N 46.0755016438 64 65
N 74.8291277953 64 65
N 98.5438721985 64 65
N 94.6703316175 64 65
N 76.5687881022 64 65
N 55.201687855 64 65
N 40.3141661523 64 65
N 34.5346021294 87 88
N 59.6965654698 87 88
N 98.1310309919 87 88
N 120.940095694 87 88
N 104.184824211 87 88
N 64.2385236091 87 88
N 37.9457514938 87 88
N 27.6573068624 87 88
N 43.4920669945 88 89
N 71.2480495608 88 89
N 114.550764824 88 89
N 141.698131696 88 89
N 132.61981233 88 89
N 104.206209018 88 89
N 58.1023253463 88 89
N 30.778956555 88 89
N 72.5121542375 109 110
N 92.4104572324 109 110
N 111.95738301 109 110
N 119.118466959 109 110
N 102.404159446 109 110
N 77.2380360048 109 110
N 62.4145543291 109 110
N 51.3126088065 109 110
N 9.02023416587 112 113
N 25.9473395048 112 113
N 144.400538102 112 113
N 142.56545988 112 113
N 122.340239621 112 113
N 92.1454294349 112 113
N 59.6944179883 112 113
N 39.3813842024 112 113
N 43.9464211742 136 137
N 74.8666500676 136 137
N 118.201774334 136 137
N 137.471906379 136 137
N 134.981079571 136 137
N 92.246951766 136 137
N 44.6422675377 136 137
N 27.5201962105 136 137
N 14.1705827269 140 141
N 21.9594838641 140 141
N 73.280941832 140 141
N 129.915546716 140 141
N 110.549381142 140 141
N 69.9413107034 140 141
N 41.0464509667 140 141
N 26.8541076559 140 141
N 61.3394049702 153 154
N 84.3461547275 153 154
N 108.028207427 153 154
N 118.683480305 153 154
N 113.442558784 153 154
N 94.306918189 153 154
N 68.1813740765 153 154
N 51.8232160437 153 154
N 53.7646399424 158 159
N 73.9793695816 158 159
N 100.566819385 158 159
N 112.998347198 158 159
N 106.088766148 158 159
N 89.1636117513 158 159
N 77.8319835199 158 159
N 68.0160303567 158 159
N 70.6105070061 170 171
N 84.6788368271 170 171
N 104.706626155 170 171
N 130.010747971 170 171
N 136.312437307 170 171
N 90.4948894598 170 171
N 48.1174544218 170 171
N 35.1018321815 170 171
N 37.9830890108 230 231
N 63.5327766241 230 231
N 104.55832078 230 231
N 136.911156018 230 231
N 151.287108999 230 231
N 109.686272143 230 231
N 56.7812782469 230 231
N 41.4910526004 230 231
N 78.2215697058 244 245
N 93.1748580854 244 245
N 115.877589994 244 245
N 134.977038334 244 245
N 128.928375147 244 245
N 96.1195427494 244 245
N 61.9156910316 244 245
N 44.2172775878 244 245
N 23.6989408179 255 256
N 39.4776864782 255 256
N 107.723578983 255 256
N 150.433387497 255 256
N 138.032606539 255 256
N 87.4753144832 255 256
N 44.672655086 255 256
N 27.5847274641 255 256
N 74.5088115479 269 270
N 91.0027343417 269 270
N 113.059935806 269 270
N 138.591721776 269 270
N 140.090716127 269 270
N 87.228827979 269 270
N 52.0941844726 269 270
N 37.7414573588 269 270
N 63.0148153887 284 285
N 76.8344258864 284 285
N 89.84971759 284 285
N 99.2165867233 284 285
N 91.3603760869 284 285
N 76.5724746299 284 285
N 60.8853800206 284 285
N 49.6207934257 284 285
N 74.0672906484 295 296
N 86.9900608103 295 296
N 100.164639136 295 296
N 105.606603203 295 296
N 97.0839417713 295 296
N 80.5939421788 295 296
N 68.4102291968 295 296
N 59.0153832527 295 296
N 19.4298489432 338 339
N 38.3739128972 338 339
N 130.678500093 338 339
N 136.057109166 338 339
N 121.589304219 338 339
N 96.3736466312 338 339
N 70.1861450929 338 339
N 48.2742631371 338 339
N 33.7066628997 357 358
N 65.4430312097 357 358
N 119.680878077 357 358
N 153.529567405 357 358
N 164.623528556 357 358
N 111.894642446 357 358
N 56.3011692347 357 358
N 39.8404743424 357 358
N 40.3922011905 359 360
N 69.0382911123 359 360
N 111.133111729 359 360
N 139.384959307 359 360
N 146.005237254 359 360
N 114.729912402 359 360
N 72.5926434283 359 360
N 54.2754946026 359 360
N 10.6346117425 376 377
N 39.8431455364 376 377
N 129.883378684 376 377
N 135.481902186 376 377
N 121.375958009 376 377
N 84.7001468007 376 377
N 45.1986744935 376 377
N 25.5315446681 376 377
N 48.7175631983 386 387
N 68.4533878963 386 387
N 99.32095148 386 387
N 129.465347452 386 387
N 134.294023603 386 387
N 114.000407903 386 387
N 89.4475139936 386 387
N 71.8862182862 386 387
N 34.3179124129 411 412
N 58.7845086099 411 412
N 129.18710565 411 412
N 143.995711881 411 412
N 126.626690646 411 412
N 84.4828394832 411 412
N 40.641562198 411 412
N 23.5029049529 411 412
N 45.1206093023 416 417
N 59.923123452 416 417
N 80.1888152805 416 417
N 96.5856092293 416 417
N 94.9802214784 416 417
N 74.6365683684 416 417
N 56.1420074427 416 417
N 43.4562195867 416 417
N 67.6151325553 425 426
N 85.4600229237 425 426
N 105.727770646 425 426
N 117.761612859 425 426
N 107.040312213 425 426
N 77.7833397981 425 426
N 54.8916585564 425 426
N 40.3609470274 425 426
N 35.9496944179 435 436
N 80.7377821111 435 436
N 129.828043315 435 436
N 155.406083692 435 436
N 160.393356759 435 436
N 52.6618532779 435 436
N 28.5873730682 435 436
N 21.0728296303 435 436
N 75.0917845874 460 461
N 88.0165507899 460 461
N 103.632789693 460 461
N 109.874783366 460 461
N 98.1628637338 460 461
N 75.2609011996 460 461
N 60.2702536908 460 461
N 49.2400091937 460 461
N 30.9372714886 463 464
N 53.6667600467 463 464
N 109.207976438 463 464
N 135.747956725 463 464
N 125.644994503 463 464
N 97.4765336186 463 464
N 60.7453959264 463 464
N 38.5550739649 463 464
N 61.845292125 475 476
N 83.1922021751 475 476
N 105.241931605 475 476
N 116.46231927 475 476
N 112.480592259 475 476
N 93.2319967783 475 476
N 66.1690892776 475 476
N 45.2906132766 475 476
N 40.6475759821 492 493
N 57.155166264 492 493
N 94.215370657 492 493
N 138.643571711 492 493
N 149.064848225 492 493
N 103.309540779 492 493
N 71.1397272904 492 493
N 55.1400948069 492 493
N 40.2190539719 497 498
N 56.7472947326 497 498
N 105.550991347 497 498
N 148.58917215 497 498
N 139.345195021 497 498
N 74.5137478633 497 498
N 33.5014047141 497 498
N 21.0849971311 497 498
N 37.7769569767 501 502
N 58.8279247182 501 502
N 100.068715258 501 502
N 139.432527297 501 502
N 142.521400537 501 502
N 105.173483313 501 502
N 77.3378925379 501 502
N 61.6711340941 501 502
N 76.7473633154 521 522
N 93.5038370264 521 522
N 111.985796422 521 522
N 120.958595528 521 522
N 97.1456393585 521 522
N 55.5899962095 521 522
N 31.2923323104 521 522
N 18.8882320073 521 522
N 11.8241085495 8 9
N 22.6835625541 8 9
N 104.592862623 8 9
N 158.003911228 8 9
N 160.933715824 8 9
N 61.2528117985 8 9
N 14.0629801027 8 9
N 11.5524813355 8 9
N 80.5740482941 28 29
N 91.7354958599 28 29
N 104.648376509 28 29
N 108.700160804 28 29
N 96.283991669 28 29
N 75.7320212234 28 29
N 61.6710720633 28 29
N 51.3209693059 28 29
N 22.6956409754 52 53
N 34.7586862863 52 53
N 75.4171782402 52 53
N 116.983896015 52 53
N 101.548171343 52 53
N 60.1199834021 52 53
N 34.1594868055 52 53
N 21.968508554 52 53
N 39.0279594973 61 62
N 67.1983656311 61 62
N 116.386794542 61 62
N 148.164127983 61 62
N 166.425554547 61 62
N 52.5697836904 61 62
N 12.1423192035 61 62
N 7.49591755782 61 62
N 27.9797805978 64 65
N 44.8664061385 64 65
N 74.2517979639 64 65
N 98.977064595 64 65
N 94.5534932548 64 65
N 74.9840288939 64 65
N 52.8652584462 64 65
N 38.1914574051 64 65
N 34.2288210128 87 88
N 59.9698763494 87 88
N 98.3869310308 87 88
N 120.623026542 87 88
N 103.538825505 87 88
N 64.6379875379 87 88
N 38.808890938 87 88
N 28.661548844 87 88
N 44.0659250338 88 89
N 72.2610527883 88 89
N 114.326472059 88 89
N 140.246178856 88 89
N 130.65515328 88 89
N 101.964306338 88 89
N 56.5124726769 88 89
N 30.061826862 88 89
N 72.706743059 109 110
N 92.0668058489 109 110
N 111.118668921 109 110
N 118.254362566 109 110
N 101.780344074 109 110
N 77.5719993548 109 110
N 63.7322341152 109 110
N 53.1825354756 109 110
N 6.2024630302 112 113
N 15.8190191103 112 113
N 151.690952707 112 113
N 145.0721277 112 113
N 123.648631416 112 113
N 92.3811352234 112 113
N 59.2302342769 112 113
N 38.8239390021 112 113
N 43.5055941055 136 137
N 74.3614120237 136 137
N 117.267056553 136 137
N 136.836908699 136 137
N 133.106881891 136 137
N 90.5692310209 136 137
N 46.775952775 136 137
N 29.7696514881 136 137
N 14.4206975377 140 141
N 23.0197702521 140 141
N 75.1874394123 140 141
N 130.589600203 140 141
N 111.282320782 140 141
N 67.6401147196 140 141
N 38.4550838179 140 141
N 25.4686874529 140 141
N 61.5387607396 153 154
N 84.6365304439 153 154
N 108.595723136 153 154
N 119.45583059 153 154
N 113.966718425 153 154
N 93.2846215134 153 154
N 66.4174343796 153 154
N 50.5723557898 153 154
N 53.5344258594 158 159
N 74.540579526 158 159
N 101.910824042 158 159
N 113.417278551 158 159
N 105.36476877 158 159
N 87.6601229682 158 159
N 76.0276355131 158 159
N 66.1452551876 158 159
N 69.2387318862 170 171
N 83.8697769057 170 171
N 104.379135223 170 171
N 129.749317227 170 171
N 135.237254803 170 171
N 91.9961432504 170 171
N 49.0727007052 170 171
N 35.4915556022 170 171
N 37.5345546413 230 231
N 63.6363894332 230 231
N 105.493440444 230 231
N 137.917172946 230 231
N 152.094639691 230 231
N 109.749983389 230 231
N 56.8601151401 230 231
N 41.7034916382 230 231
N 77.3192480583 244 245
N 93.0644587316 244 245
N 116.447006461 244 245
N 135.380787266 244 245
N 129.067672357 244 245
N 96.8889479094 244 245
N 62.8378853049 244 245
N 44.9357771856 244 245
N 23.7726253465 255 256
N 40.556263803 255 256
N 107.696881606 255 256
N 149.714424171 255 256
N 138.33252245 255 256
N 86.7988825213 255 256
N 43.403380961 255 256
N 26.8035569362 255 256
N 74.3869458109 269 270
N 90.9976668062 269 270
N 113.31745615 269 270
N 138.699758861 269 270
N 138.353673456 269 270
N 87.2144447056 269 270
N 53.0878864424 269 270
N 38.5554537058 269 270
N 62.6244527447 284 285
N 76.4273066781 284 285
N 89.4850853429 284 285
N 99.0620748134 284 285
N 91.0755105016 284 285
N 75.7554418901 284 285
N 59.6753724096 284 285
N 48.350605224 284 285
N 73.6689724805 295 296
N 86.3400799398 295 296
N 99.4387867894 295 296
N 105.079396398 295 296
N 96.8167838251 295 296
N 80.4815059284 295 296
N 68.3434138804 295 296
N 58.9889201285 295 296
N 19.1251504111 338 339
N 37.3587295349 338 339
N 128.501588595 338 339
N 135.494628971 338 339
N 121.085871363 338 339
N 96.5256575535 338 339
N 71.195785962 338 339
N 49.320112375 338 339
N 75.6169996932 356 357
N 89.8559218825 356 357
N 109.608174995 356 357
N 127.597834452 356 357
N 109.247132491 356 357
N 55.0189022797 356 357
N 26.6509989504 356 357
N 14.443790714 356 357
N 41.3901706224 359 360
N 70.4037999422 359 360
N 111.885139987 359 360
N 139.387764633 359 360
N 145.952604703 359 360
N 114.607472636 359 360
N 72.6349759171 359 360
N 54.4141169796 359 360
N 14.6991551241 376 377
N 45.4407049898 376 377
N 130.721666862 376 377
N 135.960618868 376 377
N 122.339483652 376 377
N 86.2039850199 376 377
N 45.7522951454 376 377
N 25.6583836535 376 377
N 49.4264893452 386 387
N 69.9742107232 386 387
N 101.800276194 386 387
N 131.679616388 386 387
N 134.770848694 386 387
N 114.190695373 386 387
N 90.0191349066 386 387
N 72.5741026537 386 387
N 37.2893073625 411 412
N 63.3995064851 411 412
N 125.607223078 411 412
N 139.456536008 411 412
N 122.432212822 411 412
N 83.0997962118 411 412
N 42.2478813566 411 412
N 24.790375295 411 412
N 44.9211139498 416 417
N 59.7235477654 416 417
N 80.1639133183 416 417
N 96.40132588 416 417
N 94.834512542 416 417
N 74.5975107264 416 417
N 56.1468437429 416 417
N 43.4057255658 416 417
N 70.0439087503 425 426
N 87.6246972908 425 426
N 107.320501606 425 426
N 118.589440779 425 426
N 107.546819854 425 426
N 78.8365699958 425 426
N 55.7328956711 425 426
N 40.8702459379 425 426
N 39.1792103651 435 436
N 81.4768145798 435 436
N 128.257650638 435 436
N 153.678577993 435 436
N 162.441192178 435 436
N 50.5339142882 435 436
N 27.2123933584 435 436
N 19.9637101828 435 436
N 74.005336953 451 452
N 93.053189083 451 452
N 115.539623071 451 452
N 119.245607568 451 452
N 100.599901773 451 452
N 73.2246752297 451 452
N 55.4214693135 451 452
N 43.708769297 451 452
N 73.8254895616 450 451
N 88.802945408 450 451
N 105.940650114 450 451
N 112.008368173 450 451
N 98.8832193668 450 451
N 75.0258361681 450 451
N 58.2988584904 450 451
N 45.7106316327 450 451
N 75.0001691937 460 461
N 88.1714755523 460 461
N 103.885295899 460 461
N 109.659127394 460 461
N 97.9957801008 460 461
N 75.7777870017 460 461
N 61.4173988621 460 461
N 50.7031325626 460 461
N 30.2216410045 463 464
N 51.2052646158 463 464
N 105.645633058 463 464
N 135.309609989 463 464
N 125.580332847 463 464
N 96.7170537281 463 464
N 59.5629658004 463 464
N 37.6454764893 463 464
N 62.3681991885 475 476
N 83.4985721163 475 476
N 105.384277169 475 476
N 116.435850169 475 476
N 112.02254009 475 476
N 91.5910126535 475 476
N 63.7504269219 475 476
N 43.1052499342 475 476
N 41.2687236627 492 493
N 57.9366444247 492 493
N 94.6826106944 492 493
N 136.762438291 492 493
N 146.851449386 492 493
N 102.650315554 492 493
N 71.0912243968 492 493
N 56.0241394843 492 493
N 41.8433158387 497 498
N 61.2220707699 497 498
N 112.417373218 497 498
N 153.359818131 497 498
N 143.064038035 497 498
N 75.6338810297 497 498
N 35.1617558242 497 498
N 22.5434794841 497 498
N 37.7875453511 501 502
N 58.7758762753 501 502
N 99.9739444398 501 502
N 139.558089027 501 502
N 142.488256489 501 502
N 105.325918124 501 502
N 77.6660299556 501 502
N 61.9089259599 501 502
N 76.6242008599 521 522
N 92.733080503 521 522
N 109.938675868 521 522
N 117.392383966 521 522
N 94.9620853004 521 522
N 56.1681888529 521 522
N 32.416611163 521 522
N 19.8956701079 521 522
N 12.3035604631 8 9
N 23.5313697492 8 9
N 105.916395693 8 9
N 157.284870966 8 9
N 158.387631791 8 9
N 60.0601494639 8 9
N 12.7005302496 8 9
N 10.66042011 8 9
N 80.3250332118 28 29
N 91.384465266 28 29
N 104.240720618 28 29
N 108.593562799 28 29
N 96.2115867207 28 29
N 75.6798788324 28 29
N 61.6082444954 28 29
N 51.2164388644 28 29
N 22.585025094 52 53
N 34.4395385371 52 53
N 74.7506195677 52 53
N 118.716100929 52 53
N 103.950116401 52 53
N 59.8333851708 52 53
N 32.7851381969 52 53
N 20.7161384468 52 53
N 38.7642298678 61 62
N 67.3264215943 61 62
N 116.864945258 61 62
N 147.950006642 61 62
N 164.948486139 61 62
N 52.1525214641 61 62
N 11.517637957 61 62
N 7.2037562177 61 62
N 26.7314037877 64 65
N 43.0730949667 64 65
N 73.0121141921 64 65
N 99.0508264137 64 65
N 95.5309492922 64 65
N 76.9960765604 64 65
N 54.9410126484 64 65
N 39.7706380399 64 65
N 32.6154871662 87 88
N 56.6365157328 87 88
N 95.5715682785 87 88
N 119.676575447 87 88
N 103.228914115 87 88
N 64.3580398823 87 88
N 37.7937609605 87 88
N 27.3633148215 87 88
N 43.9076490684 88 89
N 71.8706398357 88 89
N 114.465147416 88 89
N 141.52957075 88 89
N 131.304344672 88 89
N 103.598221224 88 89
N 61.7466719898 88 89
N 34.9529756633 88 89
N 71.7907175304 109 110
N 90.984217688 109 110
N 110.393592351 109 110
N 118.430981301 109 110
N 101.869261182 109 110
N 77.2487266402 109 110
N 63.3089467711 109 110
N 52.988379494 109 110
N 3.80831814986 112 113
N 5.23850220248 112 113
N 160.000285505 112 113
N 149.254216459 112 113
N 126.467644465 112 113
N 93.4595264392 112 113
N 58.6087392529 112 113
N 38.0593715561 112 113
N 42.1907493652 136 137
N 73.8580276499 136 137
N 118.39481849 136 137
N 137.764183599 136 137
N 134.508710911 136 137
N 91.4921936112 136 137
N 46.0526878042 136 137
N 28.9805059667 136 137
N 14.064857697 140 141
N 21.876872379 140 141
N 71.7072663184 140 141
N 128.44927102 140 141
N 109.715911902 140 141
N 69.8399671082 140 141
N 41.437106698 140 141
N 27.3188325667 140 141
N 61.2047489515 153 154
N 85.226134783 153 154
N 109.875872481 153 154
N 120.64858077 153 154
N 114.735802217 153 154
N 93.1968824953 153 154
N 65.7589083743 153 154
N 49.8675611284 153 154
N 29.3559885592 157 158
N 43.2518598098 157 158
N 79.6228229181 157 158
N 106.856737446 157 158
N 102.775036338 157 158
N 85.0999245392 157 158
N 66.0161115833 157 158
N 53.2863434887 157 158
N 71.3174438273 170 171
N 84.6893261781 170 171
N 103.967235777 170 171
N 128.699487525 170 171
N 134.365943982 170 171
N 89.5887555734 170 171
N 47.9744282379 170 171
N 35.0142387236 170 171
N 38.2323695718 230 231
N 63.9882919815 230 231
N 104.832574683 230 231
N 137.120058752 230 231
N 151.616089596 230 231
N 110.019467178 230 231
N 57.1190654337 230 231
N 41.7825639748 230 231
N 79.9072042152 244 245
N 94.0649759054 244 245
N 116.049007422 244 245
N 135.324255789 244 245
N 129.248323334 244 245
N 95.1197851147 244 245
N 60.5446279768 244 245
N 43.1142915643 244 245
N 24.9242257065 255 256
N 41.8818899782 255 256
N 107.394358064 255 256
N 148.582562047 255 256
N 137.019409425 255 256
N 86.1897332315 255 256
N 44.1387547727 255 256
N 27.5386583673 255 256
N 77.2975418243 269 270
N 92.1347507795 269 270
N 112.044742679 269 270
N 137.443330666 269 270
N 141.350910439 269 270
N 83.6988410098 269 270
N 48.6735459441 269 270
N 9.30492744739 269 270
N 63.3101761184 284 285
N 77.1256301094 284 285
N 90.4029663447 284 285
N 100.088004047 284 285
N 91.9032247481 284 285
N 76.0560832538 284 285
N 59.5573579447 284 285
N 48.0700380254 284 285
N 72.4371828078 295 296
N 85.5787799058 295 296
N 99.5112783967 295 296
N 105.51819373 295 296
N 97.1548056749 295 296
N 80.514460238 295 296
N 68.2477762308 295 296
N 58.8950967653 295 296
N 3.91388061699 338 339
N 38.0642296987 338 339
N 130.133270139 338 339
N 134.717317037 338 339
N 120.310699712 338 339
N 96.0515668198 338 339
N 71.1397215105 338 339
N 49.6166981766 338 339
N 35.0855311008 357 358
N 66.9780907505 357 358
N 119.765485036 357 358
N 153.48432108 357 358
N 164.565342621 357 358
N 111.408606255 357 358
N 55.9620997112 357 358
N 39.5895526848 357 358
N 40.3189687158 359 360
N 69.0597970981 359 360
N 111.049170148 359 360
N 138.957188766 359 360
N 145.526734339 359 360
N 114.659087439 359 360
N 73.2857422432 359 360
N 55.0420434498 359 360
N 1.94245578599 376 377
N 2.42551444862 376 377
N 3.21935402491 376 377
N 4.76303774128 376 377
N 9.05042142484 376 377
N 82.6848001335 376 377
N 47.2164745951 376 377
N 28.2296706241 376 377
N 40.0995726188 387 388
N 55.9350588039 387 388
N 75.1646061018 387 388
N 91.8111189081 387 388
N 90.8334115433 387 388
N 79.1540869288 387 388
N 64.04788535 387 388
N 51.3705652044 387 388
N 35.1926257849 411 412
N 58.9455143001 411 412
N 129.269505304 411 412
N 144.685187662 411 412
N 126.871953765 411 412
N 85.7646849151 411 412
N 42.8365971024 411 412
N 25.3106575563 411 412
N 66.9118294993 417 418
N 85.3386487458 417 418
N 113.9438645 417 418
N 134.142760292 417 418
N 130.230768328 417 418
N 86.1599041817 417 418
N 54.9987642624 417 418
N 41.0241733494 417 418
N 69.8307160886 425 426
N 86.8490688042 425 426
N 106.241149185 425 426
N 118.215345461 425 426
N 107.130735878 425 426
N 77.660232348 425 426
N 54.7299415764 425 426
N 40.3633271707 425 426
N 40.6123108729 435 436
N 82.4490728357 435 436
N 128.251465012 435 436
N 153.419570011 435 436
N 162.266650018 435 436
N 50.2854405154 435 436
N 27.0227362007 435 436
N 19.8610155322 435 436
N 50.1969771026 462 463
N 67.8966943035 462 463
N 105.237569848 462 463
N 136.784626036 462 463
N 125.044510488 462 463
N 70.7073519892 462 463
N 36.1825057726 462 463
N 26.5213787601 462 463
N 30.1299954942 463 464
N 51.622258964 463 464
N 107.411141636 463 464
N 135.815818559 463 464
N 125.968214019 463 464
N 97.7548868525 463 464
N 60.6948202019 463 464
N 38.3483762739 463 464
N 64.4331823327 475 476
N 84.4639517799 475 476
N 105.274362841 475 476
N 115.959407299 475 476
N 111.350023961 475 476
N 90.2270394233 475 476
N 61.4800718097 475 476
N 40.8741482235 475 476
N 41.2906492875 492 493
N 57.8913968804 492 493
N 94.287310819 492 493
N 136.849462363 492 493
N 147.281808257 492 493
N 103.485116608 492 493
N 71.8304858558 492 493
N 56.052501231 492 493
N 38.5463880295 497 498
N 54.3923210414 497 498
N 100.545686831 497 498
N 144.876906704 497 498
N 133.925506145 497 498
N 75.5499118641 497 498
N 36.4189359656 497 498
N 23.002082705 497 498
N 37.9710940303 501 502
N 59.0407921569 501 502
N 100.244807316 501 502
N 139.781874107 501 502
N 142.622226477 501 502
N 104.505708395 501 502
N 76.8130879632 501 502
N 61.3251176767 501 502
N 76.4321219876 521 522
N 92.7922953451 521 522
N 110.367758234 521 522
N 118.25861018 521 522
N 95.8037043275 521 522
N 56.8624704616 521 522
N 32.9338585472 521 522
N 20.2872759786 521 522
N 35.1211616598 10 11
N 55.0870642477 10 11
N 85.9973881034 10 11
N 109.031798368 10 11
N 110.105942601 10 11
N 96.5611548456 10 11
N 80.121710844 10 11
N 68.2495820568 10 11
N 72.9810749084 30 31
N 88.188052542 30 31
N 105.453608544 30 31
N 110.898399948 30 31
N 97.8104257711 30 31
N 75.0173016429 30 31
N 53.9331222102 30 31
N 40.7212796219 30 31
N 24.3149431871 52 53
N 37.1159401098 52 53
N 76.8831552621 52 53
N 116.773989952 52 53
N 101.674624405 52 53
N 58.0158137881 52 53
N 31.8495935074 52 53
N 20.2399874657 52 53
N 40.087633629 61 62
N 67.1561806823 61 62
N 113.575746484 61 62
N 144.663511646 61 62
N 161.721062732 61 62
N 47.9112650832 61 62
N 10.6686829575 61 62
N 7.21738826599 61 62
N 29.2030300426 64 65
N 46.4968826817 64 65
N 74.6541068304 64 65
N 97.717402103 64 65
N 93.3388137603 64 65
N 74.98266817 64 65
N 53.7369002175 64 65
N 39.1679233543 64 65
N 29.5089126606 87 88
N 51.4389406934 87 88
N 93.409276174 87 88
N 122.074179826 87 88
N 106.96351815 87 88
N 66.0169204184 87 88
N 38.4822648903 87 88
N 27.7057710988 87 88
N 41.8748371203 88 89
N 68.8208692189 88 89
N 113.529172587 88 89
N 141.711780526 88 89
N 132.590230366 88 89
N 104.942959594 88 89
N 61.0163071224 88 89
N 33.3771613321 88 89
N 72.3604828867 109 110
N 91.552705336 109 110
N 110.306619322 109 110
N 117.166751271 109 110
N 101.2074851 109 110
N 77.5159543082 109 110
N 63.5697555041 109 110
N 52.6381111992 109 110
N 5.47167097335 112 113
N 19.0964395547 112 113
N 148.752473258 112 113
N 143.377808616 112 113
N 122.418143381 112 113
N 92.7384098782 112 113
N 60.9450727215 112 113
N 40.6790893018 112 113
N 43.6240781068 136 137
N 75.4174640826 136 137
N 118.914751212 136 137
N 137.80361626 136 137
N 134.568199899 136 137
N 90.1312888536 136 137
N 44.1831779778 136 137
N 27.6029002996 136 137
N 13.9444686597 140 141
N 22.3550168133 140 141
N 72.7144152624 140 141
N 127.23577569 140 141
N 109.172246494 140 141
N 67.9549917983 140 141
N 39.4884703494 140 141
N 25.982226415 140 141
N 59.9785468477 153 154
N 83.9711101047 153 154
N 108.448981971 153 154
N 119.022237831 153 154
N 113.637788671 153 154
N 94.8262450619 153 154
N 69.2026647325 153 154
N 52.7097008171 153 154
N 52.7388670219 158 159
N 74.2580266647 158 159
N 102.299771596 158 159
N 112.853046923 158 159
N 103.645835932 158 159
N 85.3960024034 158 159
N 73.6869387436 158 159
N 64.0757961144 158 159
N 69.1831041488 170 171
N 83.7400229255 170 171
N 104.213146328 170 171
N 129.098733671 170 171
N 134.379445452 170 171
N 90.2454472949 170 171
N 47.3894070867 170 171
N 34.3481855486 170 171
N 65.5761144029 234 235
N 76.7454853225 234 235
N 89.957744507 234 235
N 105.504941557 234 235
N 105.735824973 234 235
N 87.4380510122 234 235
N 67.5564026223 234 235
N 50.4196958754 234 235
N 4.26867726363 245 246
N 27.9664745655 245 246
N 127.301638334 245 246
N 142.593102538 245 246
N 116.37888249 245 246
N 66.060698132 245 246
N 41.9157950033 245 246
N 33.1166360358 245 246
N 20.9971325135 256 257
N 37.6214249271 256 257
N 82.5827105107 256 257
N 127.562799165 256 257
N 135.182508824 256 257
N 101.107968223 256 257
N 71.1865264911 256 257
N 54.9356768701 256 257
N 30.1967373555 270 271
N 51.7461824045 270 271
N 146.250387578 270 271
N 151.813501949 270 271
N 133.998524475 270 271
N 110.61419902 270 271
N 79.579727527 270 271
N 60.4488624383 270 271
N 42.0008677907 281 282
N 62.7090786797 281 282
N 91.8527359855 281 282
N 114.510617753 281 282
N 111.627443523 281 282
N 86.2798837979 281 282
N 50.9650195282 281 282
N 32.788826473 281 282
N 71.5540612992 297 298
N 89.1429294848 297 298
N 110.176221878 297 298
N 128.199502144 297 298
N 128.102173896 297 298
N 107.698427436 297 298
N 75.9681338054 297 298
N 54.626204169 297 298
N 21.48612203 338 339
N 43.7430912614 338 339
N 122.570149462 338 339
N 130.37240385 338 339
N 117.257192068 338 339
N 91.9330548816 338 339
N 65.4777952084 338 339
N 44.9144979445 338 339
N 33.0165300651 357 358
N 64.8444732373 357 358
N 120.728773928 357 358
N 154.934169532 357 358
N 165.118498667 357 358
N 112.07910328 357 358
N 56.0523317524 357 358
N 39.4892249749 357 358
N 40.0793953498 359 360
N 68.7214410698 359 360
N 110.659374724 359 360
N 138.66274329 359 360
N 145.015395501 359 360
N 114.170195242 359 360
N 73.4781245387 359 360
N 55.2906426809 359 360
N 11.031365312 376 377
N 26.1423948893 376 377
N 134.736936227 376 377
N 133.747145522 376 377
N 117.180187091 376 377
N 84.2641458168 376 377
N 51.082101139 376 377
N 31.7537483299 376 377
N 48.8554488758 386 387
N 69.1549414393 386 387
N 101.06656066 386 387
N 131.404553356 386 387
N 134.781606515 386 387
N 114.215068021 386 387
N 90.4570179133 386 387
N 73.0964270348 386 387
N 35.6004985589 411 412
N 60.8067377445 411 412
N 128.276995628 411 412
N 141.970376632 411 412
N 124.428109406 411 412
N 84.0900300781 411 412
N 42.4193176114 411 412
N 24.9706273799 411 412
N 44.6700220488 416 417
N 59.6975671699 416 417
N 80.456624613 416 417
N 97.0655536665 416 417
N 95.4683198599 416 417
N 74.9649736316 416 417
N 56.3473465513 416 417
N 43.6758912068 416 417
N 71.2021829648 425 426
N 88.4270518303 425 426
N 107.718054619 425 426
N 118.968276441 425 426
N 107.082000513 425 426
N 77.8834311145 425 426
N 55.3272032097 425 426
N 41.0473680187 425 426
N 39.0377901325 435 436
N 81.6006007518 435 436
N 128.419053464 435 436
N 153.194334725 435 436
N 163.757366795 435 436
N 48.2770760823 435 436
N 26.1148697478 435 436
N 19.3294084806 435 436
N 75.6964740831 460 461
N 88.6802180869 460 461
N 103.927138955 460 461
N 110.116082833 460 461
N 98.5466446672 460 461
N 76.1905514324 460 461
N 61.6789456387 460 461
N 50.7945157526 460 461
N 31.0913763742 463 464
N 53.4571595241 463 464
N 108.503566278 463 464
N 135.747819715 463 464
N 125.457543868 463 464
N 96.7724962524 463 464
N 59.7088035038 463 464
N 37.7856270263 463 464
N 61.2202926069 475 476
N 82.670111787 475 476
N 105.234481762 475 476
N 116.674983633 475 476
N 112.601827812 475 476
N 92.762715844 475 476
N 64.8586286993 475 476
N 43.915555316 475 476
N 41.0463941123 492 493
N 57.7273622805 492 493
N 94.3950326354 492 493
N 136.04864699 492 493
N 145.683073753 492 493
N 102.892759631 492 493
N 71.6875305399 492 493
N 55.9972524677 492 493
N 38.4570438432 497 498
N 54.4608764234 497 498
N 102.78830815 497 498
N 146.920767462 497 498
N 136.225412488 497 498
N 76.232263924 497 498
N 35.8181670828 497 498
N 22.568343693 497 498
N 36.6596536739 501 502
N 57.6205107247 501 502
N 99.9848507793 501 502
N 141.036602351 501 502
N 143.580826218 501 502
N 106.347290017 501 502
N 78.4658222154 501 502
N 62.5042677198 501 502
N 77.203176793 521 522
N 92.4893914561 521 522
N 110.544150948 521 522
N 119.702042561 521 522
N 97.2193282223 521 522
N 56.1234007491 521 522
N 31.5167283129 521 522
N 19.0217444647 521 522
N 12.2952134652 8 9
N 23.8171577059 8 9
N 106.111557502 8 9
N 157.407271489 8 9
N 159.71731175 8 9
N 54.9308003245 8 9
N 12.6491269169 8 9
N 10.8254783749 8 9
N 74.2250130189 30 31
N 89.22855723 30 31
N 106.140884351 30 31
N 111.47559838 30 31
N 98.3163304749 30 31
N 75.0580903738 30 31
N 53.4812898535 30 31
N 40.199788886 30 31
N 23.8016394119 52 53
N 36.6613702041 52 53
N 76.64597418 52 53
N 116.280642838 52 53
N 101.274847744 52 53
N 58.0949649833 52 53
N 31.9088329506 52 53
N 20.2983278177 52 53
N 35.1034645629 61 62
N 64.6743333845 61 62
N 119.999988886 61 62
N 151.970565278 61 62
N 165.650857385 61 62
N 62.8109570766 61 62
N 13.8253090354 61 62
N 8.09974727962 61 62
N 29.0984082929 64 65
N 46.3370672575 64 65
N 74.9286733134 64 65
N 98.4669063158 64 65
N 93.8769289368 64 65
N 74.7187306743 64 65
N 52.9857287401 64 65
N 38.4754133521 64 65
N 29.686308433 87 88
N 52.5232581616 87 88
N 94.4749826853 87 88
N 121.868922458 87 88
N 106.148429767 87 88
N 65.5114838533 87 88
N 38.4801979343 87 88
N 27.9147567248 87 88
N 42.1138566995 88 89
N 69.4903923457 88 89
N 113.666622012 88 89
N 141.037977121 88 89
N 131.574339345 88 89
N 104.195983245 88 89
N 61.205733914 88 89
N 33.7036968845 88 89
N 70.1728643447 109 110
N 90.8393832382 109 110
N 111.564988371 109 110
N 118.92422699 109 110
N 102.251935756 109 110
N 77.590836016 109 110
N 63.4281473976 109 110
N 52.6670377497 109 110
N 4.60824317901 112 113
N 16.2847209545 112 113
N 149.140900766 112 113
N 145.12575051 112 113
N 124.063721357 112 113
N 93.2731196356 112 113
N 60.2951735634 112 113
N 39.7961206831 112 113
N 45.5924819221 136 137
N 76.1370062844 136 137
N 118.24636378 136 137
N 137.332417579 136 137
N 135.04713324 136 137
N 90.4880207967 136 137
N 42.2100086017 136 137
N 25.8276131167 136 137
N 13.634147118 140 141
N 21.7512459189 140 141
N 73.3739054912 140 141
N 128.165267118 140 141
N 109.447643072 140 141
N 67.942208424 140 141
N 39.3379112297 140 141
N 25.7896232295 140 141
N 61.2458166587 153 154
N 84.241099646 153 154
N 108.334801128 153 154
N 119.370818113 153 154
N 113.967165238 153 154
N 92.9416913417 153 154
N 66.1329828456 153 154
N 50.4901921598 153 154
N 51.6962555402 158 159
N 73.3939047741 158 159
N 102.191994209 158 159
N 112.938197099 158 159
N 103.474574164 158 159
N 84.9001333546 158 159
N 72.9941157341 158 159
N 63.3091824348 158 159
N 69.2634463578 170 171
N 83.6831551452 170 171
N 104.289844058 170 171
N 129.98135795 170 171
N 136.519439963 170 171
N 90.9139083136 170 171
N 48.0364607223 170 171
N 34.9548700178 170 171
N 34.177439219 230 231
N 61.7758354132 230 231
N 108.59850211 230 231
N 141.365587889 230 231
N 155.590098249 230 231
N 111.309420585 230 231
N 56.0922168015 230 231
N 41.4067539143 230 231
N 77.2915316581 244 245
N 92.8086290958 244 245
N 115.585866717 244 245
N 134.854021515 244 245
N 129.517573573 244 245
N 95.1384214488 244 245
N 60.2119841988 244 245
N 43.0068371864 244 245
N 24.5127797195 255 256
N 41.4964364338 255 256
N 108.477542616 255 256
N 148.318248875 255 256
N 136.551220876 255 256
N 85.9233058384 255 256
N 43.6289108403 255 256
N 27.063413896 255 256
N 75.2031105141 269 270
N 91.5148337745 269 270
N 112.945897977 269 270
N 137.907378257 269 270
N 139.378478839 269 270
N 86.0121267825 269 270
N 51.344343103 269 270
N 37.2784423592 269 270
N 39.2069271878 282 283
N 55.7513769486 282 283
N 92.856775306 282 283
N 129.862343048 282 283
N 123.846540608 282 283
N 100.028580308 282 283
N 81.3698151419 282 283
N 68.1198044257 282 283
N 73.2486234517 295 296
N 86.0280139142 295 296
N 99.4538038004 295 296
N 105.293760351 295 296
N 96.9418271075 295 296
N 80.3108237674 295 296
N 68.0196325193 295 296
N 58.6697860797 295 296
N 18.8365039558 338 339
N 36.1731875589 338 339
N 127.480935526 338 339
N 135.696486483 338 339
N 121.629406672 338 339
N 96.522061668 338 339
N 70.6080731155 338 339
N 48.6436748722 338 339
N 34.9330055526 357 358
N 66.5078189874 357 358
N 119.313565953 357 358
N 153.37795372 357 358
N 164.01009285 357 358
N 111.330406257 357 358
N 56.5164350114 357 358
N 39.9660662749 357 358
N 40.1458670194 359 360
N 69.0758174885 359 360
N 111.577394558 359 360
N 139.564657631 359 360
N 146.011229059 359 360
N 114.773150835 359 360
N 73.0626223431 359 360
N 54.7704759304 359 360
N 14.3132852497 376 377
N 48.0572948467 376 377
N 129.845763862 376 377
N 135.880389934 376 377
N 122.698706661 376 377
N 87.0246377532 376 377
N 46.5176071879 376 377
N 26.0099975894 376 377
N 49.103690533 386 387
N 69.7639186062 386 387
N 102.367902428 386 387
N 132.81328405 386 387
N 135.277822792 386 387
N 114.341391305 386 387
N 90.3764237566 386 387
N 72.9767984975 386 387
N 40.6959238029 411 412
N 66.5452290975 411 412
N 121.643239684 411 412
N 137.456220018 411 412
N 121.697310066 411 412
N 82.1190731751 411 412
N 41.1903438109 411 412
N 24.030499753 411 412
N 66.9112059024 417 418
N 85.4043888635 417 418
N 114.088496445 417 418
N 134.670873435 417 418
N 131.358210545 417 418
N 86.4731944157 417 418
N 54.9305308516 417 418
N 40.8736148606 417 418
N 70.3079046461 425 426
N 88.0090285901 425 426
N 107.352848954 425 426
N 118.686787771 425 426
N 107.027957145 425 426
N 77.6562263295 425 426
N 54.6830827178 425 426
N 40.0440036609 425 426
N 39.1062364935 435 436
N 82.015208066 435 436
N 128.800804101 435 436
N 153.948003781 435 436
N 160.935047566 435 436
N 50.1101602931 435 436
N 27.2322214932 435 436
N 20.0356969157 435 436
N 49.4940980552 462 463
N 67.5986939879 462 463
N 106.226260679 462 463
N 137.934662195 462 463
N 125.509393907 462 463
N 68.8116119572 462 463
N 35.524351213 462 463
N 26.1272354871 462 463
N 29.9571990461 463 464
N 52.017550147 463 464
N 110.237491727 463 464
N 136.898035857 463 464
N 126.326712593 463 464
N 97.6220436349 463 464
N 60.6893486077 463 464
N 38.5715615658 463 464
N 61.9088569264 475 476
N 83.5375954826 475 476
N 106.033313095 475 476
N 117.211195248 475 476
N 112.793298842 475 476
N 92.5512495615 475 476
N 64.2123246142 475 476
N 43.2979334656 475 476
N 41.1477849226 492 493
N 57.9143949207 492 493
N 94.6171262718 492 493
N 136.281501053 492 493
N 145.701887068 492 493
N 102.259990403 492 493
N 71.1225425388 492 493
N 55.5001838081 492 493
N 40.6802826491 497 498
N 58.0652191957 497 498
N 107.57353692 497 498
N 149.678505643 497 498
N 139.237660371 497 498
N 74.0491668146 497 498
N 34.1780857035 497 498
N 21.6900328123 497 498
N 36.6366585699 501 502
N 57.4499839169 501 502
N 99.9763676952 501 502
N 141.457069085 501 502
N 144.921971105 501 502
N 106.671412516 501 502
N 78.0033617274 501 502
N 61.8764067765 501 502
N 76.0893237431 521 522
N 92.5674975602 521 522
N 110.181756235 521 522
N 117.796756649 521 522
N 95.6464049608 521 522
N 57.1634295115 521 522
N 33.1668023887 521 522
N 20.5218615798 521 522
N 36.511026488 10 11
N 56.6425865611 10 11
N 86.8375522469 10 11
N 109.422909366 10 11
N 110.640204401 10 11
N 96.5395681281 10 11
N 79.3447937732 10 11
N 67.1013921987 10 11
N 74.1401799711 30 31
N 89.1406963172 30 31
N 106.487782217 30 31
N 112.132320607 30 31
N 98.8002927692 30 31
N 75.1280067289 30 31
N 53.3387122252 30 31
N 40.0514835055 30 31
N 37.4533688337 53 54
N 66.2043958508 53 54
N 113.264494443 53 54
N 142.62296423 53 54
N 145.606505751 53 54
N 114.022681338 53 54
N 77.8847427865 53 54
N 59.1574789822 53 54
N 39.1775628615 61 62
N 66.969004801 61 62
N 115.171831835 61 62
N 147.358398118 61 62
N 166.047501099 61 62
N 50.7203561815 61 62
N 12.7700613279 61 62
N 8.0275774829 61 62
N 28.6055901718 64 65
N 45.7502548719 64 65
N 74.4579114398 64 65
N 98.102454609 64 65
N 93.1805862335 64 65
N 73.819403392 64 65
N 52.2272659753 64 65
N 37.9106781439 64 65
N 29.8527613284 87 88
N 53.5707255884 87 88
N 94.6302933834 87 88
N 120.883795151 87 88
N 105.593540187 87 88
N 65.773401474 87 88
N 39.407591057 87 88
N 28.7762065707 87 88
N 43.3358631893 88 89
N 70.6423434474 88 89
N 114.138412712 88 89
N 140.581750669 88 89
N 130.963770272 88 89
N 103.37438998 88 89
N 59.6344894619 88 89
N 32.2669692721 88 89
N 72.1463227489 109 110
N 92.0689735677 109 110
N 111.484433628 109 110
N 118.31900762 109 110
N 101.937155222 109 110
N 78.1248864661 109 110
N 64.3520356359 109 110
N 53.525986793 109 110
N 5.21206830156 112 113
N 20.0566562776 112 113
N 149.107894846 112 113
N 143.522812089 112 113
N 122.323422007 112 113
N 92.1752782224 112 113
N 60.299689855 112 113
N 40.1372013827 112 113
N 42.9032862289 136 137
N 74.7064860177 136 137
N 119.167695434 136 137
N 137.815914544 136 137
N 134.589570359 136 137
N 90.0863465755 136 137
N 43.1514305792 136 137
N 26.5254913556 136 137
N 13.4532806855 140 141
N 21.5493304541 140 141
N 73.7449391935 140 141
N 128.114430089 140 141
N 108.921333359 140 141
N 68.6075995023 140 141
N 40.3496403035 140 141
N 26.5489674075 140 141
N 61.1896691118 153 154
N 84.4812435678 153 154
N 108.471466557 153 154
N 119.152335719 153 154
N 113.692745073 153 154
N 93.4529342345 153 154
N 66.9843463333 153 154
N 51.069840188 153 154
N 53.5371318266 158 159
N 73.9450734422 158 159
N 100.592493404 158 159
N 112.89929744 158 159
N 106.008360748 158 159
N 89.0010209258 158 159
N 77.6115065106 158 159
N 67.7026170428 158 159
N 70.6258821086 170 171
N 84.6544404004 170 171
N 104.906915165 170 171
N 130.47456468 170 171
N 137.032037718 170 171
N 90.2955902719 170 171
N 47.5141348056 170 171
N 34.6029006846 170 171
N 36.5835007217 230 231
N 62.556008209 230 231
N 105.896717321 230 231
N 138.941496123 230 231
N 153.872352414 230 231
N 114.037011891 230 231
N 56.8229998444 230 231
N 40.994589035 230 231
N 78.1843820315 244 245
N 92.7247205925 244 245
N 114.646213993 244 245
N 133.853679402 244 245
N 128.889656445 244 245
N 95.0586478748 244 245
N 60.3166728065 244 245
N 42.9503803767 244 245
N 24.3125674733 255 256
N 40.927128137 255 256
N 107.875309948 255 256
N 149.018706069 255 256
N 137.139508195 255 256
N 86.1610213741 255 256
N 43.8314510204 255 256
N 27.2228393251 255 256
N 75.1978761829 269 270
N 90.9605022558 269 270
N 112.02879269 269 270
N 136.869679452 269 270
N 139.729600791 269 270
N 84.9521073517 269 270
N 49.9565363986 269 270
N 36.2436655893 269 270
N 63.1736674329 284 285
N 77.0121540511 284 285
N 89.9869089626 284 285
N 99.3106917027 284 285
N 91.3399914133 284 285
N 76.5043487565 284 285
N 60.8072755614 284 285
N 49.5248466553 284 285
N 75.3035353048 295 296
N 88.7383663328 295 296
N 102.144747827 295 296
N 107.248259237 295 296
N 98.2792822106 295 296
N 81.6477373997 295 296
N 69.4933490731 295 296
N 60.0199798241 295 296
N 19.7138095468 338 339
N 38.8635141145 338 339
N 130.514770581 338 339
N 136.638259446 338 339
N 121.901215102 338 339
N 96.9917945679 338 339
N 71.3327662238 338 339
N 49.3940680666 338 339
N 75.7195979327 356 357
N 89.9216449854 356 357
N 108.92150929 356 357
N 124.704763111 356 357
N 104.055715546 356 357
N 53.3528333097 356 357
N 26.7359307596 356 357
N 14.6541768467 356 357
N 41.1079999752 359 360
N 70.0848664849 359 360
N 112.06344894 359 360
N 139.859038625 359 360
N 146.461981453 359 360
N 115.215067203 359 360
N 72.8079829386 359 360
N 54.371380652 359 360
N 13.266558433 376 377
N 44.2370394197 376 377
N 129.991991301 376 377
N 135.634107201 376 377
N 122.064390497 376 377
N 85.9600324362 376 377
N 46.1390272581 376 377
N 25.9074191936 376 377
N 49.0016558585 386 387
N 69.2591537712 386 387
N 101.046577087 386 387
N 131.010491815 386 387
N 134.435883269 386 387
N 114.027133587 386 387
N 89.9876224201 386 387
N 72.4850472201 386 387
N 37.4239202479 411 412
N 62.7734654078 411 412
N 126.273310593 411 412
N 141.003722021 411 412
N 123.917324592 411 412
N 84.0468393201 411 412
N 42.3733251268 411 412
N 24.8845326909 411 412
N 66.4376432669 417 418
N 85.1800218492 417 418
N 114.807619187 417 418
N 136.065065335 417 418
N 133.292628781 417 418
N 85.7191289191 417 418
N 54.0278485125 417 418
N 40.3430748701 417 418
N 70.7370450921 425 426
N 88.4326806583 425 426
N 108.027394016 425 426
N 119.482251977 425 426
N 107.466851144 425 426
N 77.6412404032 425 426
N 54.5470714108 425 426
N 40.0998316072 425 426
N 37.7865269879 435 436
N 80.9774115266 435 436
N 128.559841126 435 436
N 153.7123055 435 436
N 162.999498835 435 436
N 50.4281977914 435 436
N 27.6118895491 435 436
N 20.5570096286 435 436
N 50.3920774371 462 463
N 68.8060243852 462 463
N 106.9227827 462 463
N 137.336832465 462 463
N 124.165234774 462 463
N 68.8910299737 462 463
N 35.9208515149 462 463
N 26.5269635166 462 463
N 30.6306895739 463 464
N 53.2057695024 463 464
N 109.829490687 463 464
N 136.375474598 463 464
N 125.990807641 463 464
N 97.6136859578 463 464
N 60.593680943 463 464
N 38.4378658203 463 464
N 61.3012684619 475 476
N 83.0539086399 475 476
N 105.658361497 475 476
N 116.877742492 475 476
N 112.632181586 475 476
N 92.5105315658 475 476
N 64.7366875103 475 476
N 43.8898320883 475 476
N 41.702675576 492 493
N 58.4490237765 492 493
N 94.8566635872 492 493
N 136.490940176 492 493
N 145.958638783 492 493
N 102.632307122 492 493
N 71.7913248388 492 493
N 56.1654671619 492 493
N 40.9493236056 497 498
N 58.637679051 497 498
N 109.343474733 497 498
N 151.518262112 497 498
N 141.644648227 497 498
N 74.1389965424 497 498
N 33.5530537815 497 498
N 21.2837086081 497 498
N 37.7485233676 501 502
N 58.5772656132 501 502
N 99.9177359982 501 502
N 140.531737254 501 502
N 144.249742979 501 502
N 105.326315375 501 502
N 76.8436669805 501 502
N 61.1487796536 501 502
N 75.855364683 521 522
N 92.2727409215 521 522
N 111.030776176 521 522
N 120.208975881 521 522
N 96.863207249 521 522
N 55.2138470571 521 522
N 30.8291375892 521 522
N 18.4996215635 521 522
N 36.1413290819 10 11
N 55.9298004589 10 11
N 86.1477683116 10 11
N 108.977530888 10 11
N 110.193737026 10 11
N 96.0005493025 10 11
N 78.7020934607 10 11
N 66.4267822035 10 11
N 73.9471006269 30 31
N 88.6325704962 30 31
N 105.561114768 30 31
N 110.697915934 30 31
N 97.5792255136 30 31
N 74.8285735101 30 31
N 53.7721270797 30 31
N 40.7469240135 30 31
N 24.0915584998 52 53
N 37.2430208739 52 53
N 76.67959555 52 53
N 114.39394936 52 53
N 99.3777316512 52 53
N 58.4047810676 52 53
N 32.7666360478 52 53
N 21.0715336984 52 53
N 36.513627033 61 62
N 65.4235390079 61 62
N 117.417125329 61 62
N 148.469927125 61 62
N 162.902981504 61 62
N 54.1429730138 61 62
N 11.2890082443 61 62
N 6.89474739428 61 62
N 28.5479716296 64 65
N 45.5077364043 64 65
N 73.891321482 64 65
N 97.5758923675 64 65
N 92.9251732616 64 65
N 74.161455925 64 65
N 52.991877905 64 65
N 38.7195209079 64 65
N 30.0249299941 87 88
N 52.9321520531 87 88
N 92.8928579229 87 88
N 119.842119452 87 88
N 104.963169397 87 88
N 64.8259069657 87 88
N 38.4102287037 87 88
N 3.52425308988 87 88
N 43.1981908197 88 89
N 70.5173491504 88 89
N 114.780694727 88 89
N 141.616335623 88 89
N 5.57233815307 88 89
N 2.70914805493 88 89
N 1.7874545509 88 89
N 1.33663006947 88 89
N 71.6128342794 109 110
N 90.9424695741 109 110
N 110.32693027 109 110
N 118.516474064 109 110
N 102.329595637 109 110
N 77.261787398 109 110
N 62.6371065153 109 110
N 51.7901461117 109 110
N 5.88505071126 112 113
N 15.7669975885 112 113
N 151.962316329 112 113
N 145.176767528 112 113
N 123.690008558 112 113
N 92.3354923486 112 113
N 58.9189986636 112 113
N 38.5850416152 112 113
N 45.0814653463 136 137
N 76.0667555077 136 137
N 117.932278534 136 137
N 137.764843109 136 137
N 134.117802497 136 137
N 83.9434905135 136 137
N 39.5321694186 136 137
N 25.0690765034 136 137
N 13.4098322136 140 141
N 21.5748020483 140 141
N 68.4153532575 140 141
N 125.834814996 140 141
N 109.142952099 140 141
N 77.6359170474 140 141
N 52.7205876199 140 141
N 36.8802293001 140 141
N 61.9632203486 153 154
N 84.7550971278 153 154
N 108.248747254 153 154
N 118.896704513 153 154
N 113.372636028 153 154
N 92.7993593734 153 154
N 66.2884197809 153 154
N 50.5433071943 153 154
N 52.3715955309 158 159
N 73.8414853837 158 159
N 102.098488297 158 159
N 112.673358347 158 159
N 103.358966226 158 159
N 84.8910358263 158 159
N 73.0978663731 158 159
N 63.5565266022 158 159
N 70.2537065021 170 171
N 84.1775200976 170 171
N 104.414764935 170 171
N 130.164175643 170 171
N 137.441911922 170 171
N 90.9095828223 170 171
N 47.9490115275 170 171
N 35.0150941217 170 171
N 37.7335734192 230 231
N 64.0438062172 230 231
N 105.822753323 230 231
N 138.210233389 230 231
N 152.188974233 230 231
N 111.037894792 230 231
N 59.5802818904 230 231
N 43.5623670575 230 231
N 77.1307160279 244 245
N 92.6371945455 244 245
N 115.32122539 244 245
N 134.770068934 244 245
N 129.781408374 244 245
N 94.707866647 244 245
N 59.2957967392 244 245
N 42.1730601929 244 245
N 24.6959450494 255 256
N 42.4474598765 255 256
N 107.688833154 255 256
N 145.682212952 255 256
N 134.197403706 255 256
N 84.4750780309 255 256
N 43.7596490271 255 256
N 27.4151578953 255 256
N 74.7601837574 269 270
N 90.8262700547 269 270
N 112.023491194 269 270
N 136.9832161 269 270
N 138.025699893 269 270
N 85.6247968969 269 270
N 51.6895401649 269 270
N 37.6562843476 269 270
N 63.171467504 284 285
N 76.9512238758 284 285
N 89.8786048045 284 285
N 99.2842584196 284 285
N 91.3334030612 284 285
N 76.3188313776 284 285
N 60.4195540907 284 285
N 49.0937949475 284 285
N 73.4579447696 295 296
N 86.4689394402 295 296
N 99.9491624409 295 296
N 105.887359446 295 296
N 97.2440776961 295 296
N 80.2249606656 295 296
N 67.7576611407 295 296
N 58.347947875 295 296
N 20.2223576285 338 339
N 39.2681855583 338 339
N 126.433996865 338 339
N 134.728449802 338 339
N 120.641631319 338 339
N 95.6489886365 338 339
N 69.8180664106 338 339
N 47.9852221714 338 339
N 34.6958564829 357 358
N 66.4006752815 357 358
N 119.465350607 357 358
N 153.494600378 357 358
N 163.833006369 357 358
N 111.07141163 357 358
N 56.5256017478 357 358
N 39.9994133142 357 358
N 40.2319951832 359 360
N 69.177448791 359 360
N 111.435466483 359 360
N 139.291663377 359 360
N 145.662411985 359 360
N 114.720263745 359 360
N 73.7216954813 359 360
N 55.4272386137 359 360
N 14.3643296705 376 377
N 42.4870521426 376 377
N 130.785704197 376 377
N 134.996224022 376 377
N 120.398848977 376 377
N 85.3965492971 376 377
N 47.717217024 376 377
N 27.6625589326 376 377
N 49.2939555263 386 387
N 69.4252671421 386 387
N 100.311970568 386 387
N 129.95486668 386 387
N 133.793718915 386 387
N 113.717580682 386 387
N 89.9206776655 386 387
N 72.5792491137 386 387
N 36.9277892019 411 412
N 62.0190642564 411 412
N 125.26998987 411 412
N 140.770822036 411 412
N 124.024562072 411 412
N 83.946613822 411 412
N 42.0817966273 411 412
N 24.5539673126 411 412
N 2.08356962992 417 418
N 2.78191555735 417 418
N 4.19225370335 417 418
N 4.20711410694 417 418
N 4.1937598908 417 418
N 2.79013497837 417 418
N 2.09692968916 417 418
N 2.10154361338 417 418
N 177.805945845 425 426
N 178.32344737 425 426
N 178.857609861 425 426
N 179.09641429 425 426
N 178.843367513 425 426
N 178.283359364 425 426
N 177.723947591 425 426
N 177.054932392 425 426
N 42.4272631074 435 436
N 3.97909715675 435 436
N 1.8608526413 435 436
N 1.22123944876 435 436
N 0.915895879424 435 436
N 0.733153881178 435 436
N 0.608969269385 435 436
N 0.520100696974 435 436
N 49.6834779117 462 463
N 67.6068118288 462 463
N 105.807682192 462 463
N 138.002938785 462 463
N 126.111568607 462 463
N 68.1224106989 462 463
N 34.6530978151 462 463
N 25.5638530117 462 463
N 29.2968939974 463 464
N 51.1464619789 463 464
N 110.672391963 463 464
N 137.504809915 463 464
N 126.578309147 463 464
N 97.6745906297 463 464
N 60.8708457232 463 464
N 38.8772504285 463 464
N 62.4474012477 475 476
N 83.6970552864 475 476
N 2.78521005132 475 476
N 1.6552052487 475 476
N 1.15151331332 475 476
N 0.879732013983 475 476
N 0.710885555923 475 476
N 0.593776829402 475 476
N 1.3891997208 492 493
N 1.62058448985 492 493
N 1.94818236446 492 493
N 2.44661376398 492 493
N 3.3037352848 492 493
N 5.08462041795 492 493
N 11.0249844042 492 493
N 56.3276709021 492 493
N 39.2385135618 497 498
N 55.6555781694 497 498
N 102.693088762 497 498
N 146.215314648 497 498
N 135.384430017 497 498
N 75.2803845132 497 498
N 36.0860681604 497 498
N 22.9197353201 497 498
N 37.4437117253 501 502
N 58.3108151494 501 502
N 99.773216561 501 502
N 140.73812558 501 502
N 144.771496135 501 502
N 105.658493082 501 502
N 76.7961837744 501 502
N 60.995502264 501 502
N 76.8836329285 521 522
N 93.5043539896 521 522
N 111.520913237 521 522
N 119.777128192 521 522
N 96.8690162452 521 522
N 56.7652541557 521 522
N 32.3769748969 521 522
N 19.6848913229 521 522
N 11.0251560819 8 9
N 21.3569676128 8 9
N 105.802304235 8 9
N 158.494896385 8 9
N 158.576000013 8 9
N 63.9555026702 8 9
N 11.4789404927 8 9
N 9.68307155699 8 9
N 74.3760247308 30 31
N 89.0445959829 30 31
N 4.03415763357 30 31
N 2.05488441084 30 31
N 1.37649415391 30 31
N 1.03760551378 30 31
N 0.832084223381 30 31
N 0.693358140879 30 31
N 24.6070027181 52 53
N 37.646350449 52 53
N 76.9142633235 52 53
N 116.601710133 52 53
N 101.527652047 52 53
N 56.34422319 52 53
N 30.245750795 52 53
N 19.0354503663 52 53
N 2.82557634234 61 62
N 2.73880920533 61 62
N 5.42987969959 61 62
N 146.223879052 61 62
N 163.216808924 61 62
N 61.6220271005 61 62
N 13.8367945899 61 62
N 8.574903328 61 62
N 29.6787216169 64 65
N 46.8446837934 64 65
N 74.9619174789 64 65
N 98.4800599223 64 65
N 94.1444974087 64 65
N 74.4110193933 64 65
N 52.1610736304 64 65
N 37.6278560434 64 65
N 32.5072564104 87 88
N 57.8099047071 87 88
N 96.4576149004 87 88
N 119.561513524 87 88
N 103.110382178 87 88
N 64.8401271217 87 88
N 38.9068611004 87 88
N 28.5510473984 87 88
N 44.5940760449 88 89
N 72.6480490824 88 89
N 114.4020379 88 89
N 139.658526628 88 89
N 128.97213093 88 89
N 101.382980825 88 89
N 60.1516312866 88 89
N 33.7294645754 88 89
N 72.3634528727 109 110
N 91.9238680432 109 110
N 111.019803531 109 110
N 118.331584539 109 110
N 101.744854685 109 110
N 77.1177090264 109 110
N 62.7472003352 109 110
N 51.881789261 109 110
N 9.80608467319 112 113
N 27.6997190675 112 113
N 145.080964316 112 113
N 142.366769491 112 113
N 121.748394319 112 113
N 91.0062225161 112 113
N 58.4545132271 112 113
N 38.4649179823 112 113
N 45.9035691263 136 137
N 76.1368770306 136 137
N 117.419379905 136 137
N 136.326787275 136 137
N 133.558760744 136 137
N 87.9241163356 136 137
N 40.9192387476 136 137
N 25.1103463893 136 137
N 13.8278264698 140 141
N 22.5121952321 140 141
N 72.9706419106 140 141
N 125.974254059 140 141
N 107.52229657 140 141
N 69.1520095239 140 141
N 41.6807780199 140 141
N 27.6726564104 140 141
N 60.2076803611 153 154
N 83.9136795709 153 154
N 108.325398752 153 154
N 119.098298266 153 154
N 113.574751998 153 154
N 93.5547935547 153 154
N 67.3581711587 153 154
N 51.4544666747 153 154
N 53.7223246251 158 159
N 74.7732793948 158 159
N 102.16404302 158 159
N 113.171350777 158 159
N 104.621743914 158 159
N 86.8220526396 158 159
N 75.2645783807 158 159
N 65.6177930406 158 159
N 69.9110593785 170 171
N 83.9776708418 170 171
N 104.318217328 170 171
N 129.919121817 170 171
N 136.311879792 170 171
N 90.3047970564 170 171
N 47.6174675353 170 171
N 34.6479974047 170 171
N 37.6641738487 230 231
N 63.5579036982 230 231
N 105.38568618 230 231
N 138.383106641 230 231
N 153.145776297 230 231
N 112.677791524 230 231
N 59.2820299935 230 231
N 42.9643679979 230 231
N 75.2032522468 243 244
N 91.3232285775 243 244
N 102.017163049 243 244
N 104.577910206 243 244
N 92.3429874197 243 244
N 71.7134005897 243 244
N 55.7893091013 243 244
N 42.2986927164 243 244
N 25.0247249399 255 256
N 43.344917224 255 256
N 109.472613611 255 256
N 146.141646755 255 256
N 134.507366605 255 256
N 84.2889301987 255 256
N 43.4500003488 255 256
N 27.2261184677 255 256
N 74.9926019636 269 270
N 91.2214352016 269 270
N 112.944178624 269 270
N 137.910343713 269 270
N 139.648821443 269 270
N 86.5277732003 269 270
N 51.2438156347 269 270
N 37.064865964 269 270
N 76.2137185831 288 289
N 92.5678735975 288 289
N 110.657477245 288 289
N 115.349336697 288 289
N 101.883473414 288 289
N 78.8269599085 288 289
N 62.1109426336 288 289
N 49.6412243106 288 289
N 74.0536982749 295 296
N 86.5814630139 295 296
N 99.52839745 295 296
N 105.075149205 295 296
N 96.9529429894 295 296
N 80.7469085434 295 296
N 68.6901788363 295 296
N 59.34543636 295 296
N 20.0786335414 338 339
N 40.3049259501 338 339
N 130.27636225 338 339
N 135.159961683 338 339
N 121.029681515 338 339
N 96.5682482814 338 339
N 71.2442191048 338 339
N 49.4853892866 338 339
N 79.5405057047 344 345
N 94.0077737923 344 345
N 108.854511837 344 345
N 113.049138762 344 345
N 100.745275181 344 345
N 78.3072053274 344 345
N 60.681966311 344 345
N 47.8549754712 344 345
N 79.5405057047 344 345
N 94.0077737923 344 345
N 108.854511837 344 345
N 113.049138762 344 345
N 100.745275181 344 345
N 78.3072053274 344 345
N 60.681966311 344 345
N 47.8549754712 344 345
N 33.6343972264 357 358
N 62.7457257967 357 358
N 119.804271454 357 358
N 152.796019773 357 358
N 169.199566672 357 358
N 127.595866436 357 358
N 54.1140539107 357 358
N 36.6255474717 357 358
N 34.5524483894 359 360
N 61.2082226424 359 360
N 109.55328952 359 360
N 142.3916543 359 360
N 146.521252913 359 360
N 116.278263954 359 360
N 76.2912588421 359 360
N 57.1154860083 359 360
N 18.2772725007 376 377
N 47.4542646569 376 377
N 129.757446915 376 377
N 135.39654286 376 377
N 121.473443329 376 377
N 86.5275688912 376 377
N 47.7634203813 376 377
N 27.4150875638 376 377
N 49.8677458284 386 387
N 69.8157356417 386 387
N 100.594033582 386 387
N 130.241621616 386 387
N 134.327354769 386 387
N 114.049570268 386 387
N 90.0451850066 386 387
N 72.5823341702 386 387
N 35.1482406151 411 412
N 59.6424197686 411 412
N 124.544484735 411 412
N 140.84350536 411 412
N 124.572811344 411 412
N 84.3933497414 411 412
N 42.1950740191 411 412
N 24.6259136601 411 412
N 46.1972635536 416 417
N 60.8717887738 416 417
N 80.7094159787 416 417
N 96.4491074404 416 417
N 94.4941021545 416 417
N 74.363447692 416 417
N 55.889977938 416 417
N 43.1763926746 416 417
N 69.4806638198 425 426
N 87.1006752931 425 426
N 106.678761066 425 426
N 118.761203226 425 426
N 8.3703435859 425 426
N 4.20853849246 425 426
N 2.81666910271 425 426
N 2.11930883105 425 426
N 38.7551086444 435 436
N 81.7940388255 435 436
N 129.195151033 435 436
N 154.832897671 435 436
N 160.93530838 435 436
N 52.8983662942 435 436
N 28.3216253818 435 436
N 20.6992087583 435 436
N 74.4421031088 460 461
N 87.1809652991 460 461
N 102.33441778 460 461
N 109.17607032 460 461
N 98.4317307784 460 461
N 76.5660906135 460 461
N 62.2481331746 460 461
N 51.3662979162 460 461
N 29.9235516071 463 464
N 52.1383638697 463 464
N 110.514608353 463 464
N 136.892522226 463 464
N 126.061613568 463 464
N 97.2708198159 463 464
N 60.3003875539 463 464
N 38.1911501138 463 464
N 61.8106900459 475 476
N 83.2249917093 475 476
N 105.28559619 475 476
N 116.304483644 475 476
N 111.977451915 475 476
N 92.1358793509 475 476
N 64.54126781 475 476
N 43.8069611453 475 476
N 41.0521186946 492 493
N 57.9239002408 492 493
N 95.2936327207 492 493
N 138.469742172 492 493
N 147.67470863 492 493
N 102.075273062 492 493
N 69.7823256503 492 493
N 54.0066250766 492 493
N 42.6902500941 497 498
N 59.2913290344 497 498
N 101.187199683 497 498
N 140.570548945 497 498
N 130.570472127 497 498
N 74.3646085791 497 498
N 36.0373234327 497 498
N 22.9760875138 497 498
N 37.3446926898 501 502
N 58.2361837101 501 502
N 100.373425874 501 502
N 141.864784953 501 502
N 145.945468712 501 502
N 106.256691237 501 502
N 77.062463898 501 502
N 61.0626334507 501 502
N 75.4974902549 521 522
N 92.4406625428 521 522
N 111.162284018 521 522
N 119.920544605 521 522
N 96.7694048068 521 522
N 56.4930910235 521 522
N 32.0102619918 521 522
N 19.2703336063 521 522
N 13.8811461699 8 9
N 27.2203471255 8 9
N 108.398025121 8 9
N 154.509597582 8 9
N 156.684170605 8 9
N 56.6616387555 8 9
N 13.3278798068 8 9
N 11.4705890421 8 9
N 79.8157993932 28 29
N 90.8881747437 28 29
N 103.900147726 28 29
N 108.325520487 28 29
N 95.9064468282 28 29
N 75.0726949361 28 29
N 60.867682953 28 29
N 50.5244429769 28 29
N 25.0491905618 52 53
N 38.3252779333 52 53
N 77.5196966423 52 53
N 115.858618652 52 53
N 100.68694011 52 53
N 56.5751980774 52 53
N 30.7492419528 52 53
N 19.3971421919 52 53
N 40.1973669872 61 62
N 68.1026728241 61 62
N 115.120174506 61 62
N 145.957266734 61 62
N 161.344819432 61 62
N 56.7663257127 61 62
N 11.6001690805 61 62
N 7.27954942338 61 62
N 28.9709797839 64 65
N 45.8855054302 64 65
N 74.1612116876 64 65
N 98.0166748765 64 65
N 93.7030028651 64 65
N 74.5081213514 64 65
N 52.6166593529 64 65
N 38.0414166451 64 65
N 31.0644096041 87 88
N 55.1353983463 87 88
N 95.3406410901 87 88
N 120.189098187 87 88
N 104.024863015 87 88
N 64.8825948888 87 88
N 38.9716183285 87 88
N 28.4605571831 87 88
N 43.9580995541 88 89
N 71.6956374323 88 89
N 114.516749283 88 89
N 141.166338307 88 89
N 131.959891847 88 89
N 104.547804237 88 89
N 60.6253174863 88 89
N 32.9837537566 88 89
N 71.310549421 109 110
N 90.8076032009 109 110
N 110.375732305 109 110
N 118.241961295 109 110
N 102.250968192 109 110
N 77.8457017032 109 110
N 63.7510614431 109 110
N 53.0646924353 109 110
N 5.75500191092 112 113
N 15.9342097435 112 113
N 150.452944211 112 113
N 144.656521571 112 113
N 123.470286317 112 113
N 92.5358560269 112 113
N 59.3894946703 112 113
N 38.9065163195 112 113
N 43.4352331282 136 137
N 75.0998675462 136 137
N 118.71083062 136 137
N 137.379512549 136 137
N 133.974995978 136 137
N 88.5726691197 136 137
N 42.1851624435 136 137
N 26.0783564468 136 137
N 13.8537185296 140 141
N 22.5125269828 140 141
N 73.7561289646 140 141
N 126.996626464 140 141
N 108.552142884 140 141
N 67.4705728131 140 141
N 38.9739274674 140 141
N 25.4644027057 140 141
N 60.7492359663 153 154
N 84.4186082244 153 154
N 108.913048377 153 154
N 119.762648181 153 154
N 114.224001263 153 154
N 93.7848392629 153 154
N 67.1221220399 153 154
N 51.1056316806 153 154
N 53.239164435 158 159
N 73.6110260239 158 159
N 100.251092804 158 159
N 112.527337907 158 159
N 105.624623334 158 159
N 88.5560597351 158 159
N 77.2058690738 158 159
N 67.4753058229 158 159
N 70.5683886856 170 171
N 84.370765555 170 171
N 104.424434179 170 171
N 130.143286269 170 171
N 136.79125776 170 171
N 90.958613157 170 171
N 48.5766538353 170 171
N 35.4386687685 170 171
N 37.6715724669 230 231
N 63.6340302292 230 231
N 106.419760682 230 231
N 139.434392398 230 231
N 156.219931728 230 231
N 116.822663188 230 231
N 55.7119731504 230 231
N 39.9576742768 230 231
N 76.2399768011 244 245
N 92.1669348341 244 245
N 115.339703322 244 245
N 135.095231315 244 245
N 130.379365409 244 245
N 95.1007220106 244 245
N 59.3666113068 244 245
N 42.2344082391 244 245
N 25.3815191611 255 256
N 43.0363300559 255 256
N 108.076754441 255 256
N 146.837784245 255 256
N 135.46205082 255 256
N 84.5612986011 255 256
N 43.0020246348 255 256
N 26.9101964192 255 256
N 74.2782583795 269 270
N 90.8171501613 269 270
N 113.029431403 269 270
N 138.623195518 269 270
N 140.392824309 269 270
N 87.4529632341 269 270
N 51.9463676402 269 270
N 37.6237258287 269 270
N 70.1530728599 289 290
N 87.0671449292 289 290
N 107.102706226 289 290
N 114.892618392 289 290
N 105.436470519 289 290
N 85.3054545849 289 290
N 70.599052498 289 290
N 58.385788763 289 290
N 73.0899592666 295 296
N 86.2309460475 295 296
N 99.7253529101 295 296
N 105.538716377 295 296
N 97.3797973087 295 296
N 80.8509149833 295 296
N 68.5628533499 295 296
N 59.1112272658 295 296
N 20.3393125475 338 339
N 39.8627058623 338 339
N 125.179763226 338 339
N 133.624237401 338 339
N 119.832475109 338 339
N 95.4488679362 338 339
N 70.237552823 338 339
N 48.6168542597 338 339
N 75.3911907418 356 357
N 89.8778325323 356 357
N 109.952400302 356 357
N 127.948426535 356 357
N 109.760277287 356 357
N 53.2557712391 356 357
N 24.8674651522 356 357
N 13.1181397103 356 357
N 39.8289592609 359 360
N 68.0399804014 359 360
N 109.717652685 359 360
N 137.903466722 359 360
N 144.366763304 359 360
N 114.072776917 359 360
N 73.7452668899 359 360
N 55.5063913377 359 360
N 12.4548424006 376 377
N 39.5689490626 376 377
N 131.296550489 376 377
N 135.890890946 376 377
N 121.750420361 376 377
N 86.3729822455 376 377
N 47.2096686077 376 377
N 26.9667086554 376 377
N 49.3192952939 386 387
N 69.2936171624 386 387
N 100.268769326 386 387
N 130.087309275 386 387
N 134.259643611 386 387
N 114.282337109 386 387
N 90.5949819586 386 387
N 73.1888105856 386 387
N 71.5323262698 410 411
N 84.4409670694 410 411
N 104.136596485 410 411
N 125.257180935 410 411
N 115.406013095 410 411
N 63.0445414906 410 411
N 34.5863909705 410 411
N 24.4128407658 410 411
N 44.6803696577 416 417
N 59.6363986204 416 417
N 80.6084827324 416 417
N 97.3979463952 416 417
N 95.8307481976 416 417
N 74.9299705925 416 417
N 56.1786930634 416 417
N 43.4312748522 416 417
N 70.051018842 425 426
N 87.5307731512 425 426
N 107.174965851 425 426
N 118.078214905 425 426
N 105.373631889 425 426
N 76.3146483867 425 426
N 54.6736848595 425 426
N 40.7704233808 425 426
N 38.9416254572 435 436
N 82.0566379957 435 436
N 129.161489147 435 436
N 154.188115967 435 436
N 162.00886515 435 436
N 50.4092795692 435 436
N 27.1160207382 435 436
N 19.9646713128 435 436
N 50.3352864499 462 463
N 68.4126173104 462 463
N 106.946204192 462 463
N 138.635095516 462 463
N 126.826805264 462 463
N 69.836016071 462 463
N 35.2015763673 462 463
N 25.9024527903 462 463
N 28.7759576782 463 464
N 49.8667870037 463 464
N 108.260138161 463 464
N 136.633979154 463 464
N 126.25192721 463 464
N 97.7892923466 463 464
N 60.8382081149 463 464
N 38.480342241 463 464
N 61.6815593086 475 476
N 83.2897582415 475 476
N 105.928388361 475 476
N 117.31672336 475 476
N 112.979740636 475 476
N 92.5131229322 475 476
N 64.1719766129 475 476
N 43.2463386931 475 476
N 41.5289409362 492 493
N 58.0307939768 492 493
N 93.7911007947 492 493
N 134.332352276 492 493
N 144.468257789 492 493
N 101.059285422 492 493
N 70.8855168933 492 493
N 55.6088049408 492 493
N 39.0724243309 497 498
N 55.3426816593 497 498
N 101.146489574 497 498
N 145.433229768 497 498
N 135.067549618 497 498
N 75.9910025138 497 498
N 36.4770703682 497 498
N 23.1894709108 497 498
N 37.2670683913 501 502
N 58.2175328726 501 502
N 99.9643637508 501 502
N 140.82781825 501 502
N 143.962532852 501 502
N 105.772857266 501 502
N 77.4239708413 501 502
N 61.5305483184 501 502
N 76.529889704 521 522
N 92.5671814336 521 522
N 109.852873467 521 522
N 118.036088778 521 522
N 95.6152192684 521 522
N 56.1560541127 521 522
N 32.059850136 521 522
N 19.4935951152 521 522
N 12.5161232565 8 9
N 23.7657145654 8 9
N 105.040075573 8 9
N 156.295239694 8 9
N 157.833711407 8 9
N 62.0134236492 8 9
N 13.2417504055 8 9
N 10.8728415987 8 9
N 73.7104079833 30 31
N 88.6661394117 30 31
N 105.85269165 30 31
N 111.206075289 30 31
N 98.0065167047 30 31
N 74.6550945793 30 31
N 53.0467278208 30 31
N 39.9420162601 30 31
N 38.0637160139 53 54
N 66.6837879961 53 54
N 112.406440961 53 54
N 141.103280701 53 54
N 143.895833785 53 54
N 112.926477841 53 54
N 77.6351137909 53 54
N 58.9568332259 53 54
N 38.6768974298 61 62
N 66.3193840774 61 62
N 114.793708073 61 62
N 145.986301953 61 62
N 161.78624592 61 62
N 54.9818643292 61 62
N 9.9480618058 61 62
N 6.4300940657 61 62
N 28.1470092804 64 65
N 44.8803220103 64 65
N 74.0708255013 64 65
N 99.0830457722 64 65
N 94.670168494 64 65
N 74.6955945148 64 65
N 52.2959651525 64 65
N 37.6114717511 64 65
N 32.03465019 87 88
N 56.9575774855 87 88
N 96.027425674 87 88
N 119.440521351 87 88
N 102.998660436 87 88
N 64.721633124 87 88
N 38.8599941936 87 88
N 28.456840084 87 88
N 44.6326789096 88 89
N 72.6450353459 88 89
N 114.553024667 88 89
N 140.346078656 88 89
N 130.023510096 88 89
N 103.027071538 88 89
N 62.0288507372 88 89
N 35.0528170295 88 89
N 72.2080631056 109 110
N 91.8587703693 109 110
N 111.262397033 109 110
N 118.564857347 109 110
N 101.895344902 109 110
N 77.2233355309 109 110
N 62.9442841913 109 110
N 52.0870860604 109 110
N 6.23066203071 112 113
N 17.9069485369 112 113
N 148.999983675 112 113
N 144.348551022 112 113
N 123.303990064 112 113
N 92.6037453067 112 113
N 59.8212275862 112 113
N 39.377796475 112 113
N 43.5701296993 136 137
N 75.6761722101 136 137
N 119.894470013 136 137
N 138.118158882 136 137
N 135.240957294 136 137
N 90.6736515227 136 137
N 42.4371872546 136 137
N 25.8696223146 136 137
N 13.1023326396 140 141
N 20.8254450036 140 141
N 72.7139927914 140 141
N 128.515923846 140 141
N 109.682743784 140 141
N 68.5850323959 140 141
N 39.9056092793 140 141
N 26.2500087216 140 141
N 61.4754637974 153 154
N 84.7295056923 153 154
N 108.66109122 153 154
N 119.258685108 153 154
N 113.762440361 153 154
N 93.5206196737 153 154
N 66.8178014659 153 154
N 50.6693492675 153 154
N 56.8823814029 156 157
N 72.5627524226 156 157
N 97.719856292 156 157
N 126.498102849 156 157
N 135.407723605 156 157
N 102.097595446 156 157
N 62.3062980202 156 157
N 45.1517887281 156 157
N 69.1229751055 170 171
N 83.3455193144 170 171
N 103.657736024 170 171
N 128.935940572 170 171
N 134.924681221 170 171
N 90.2955866065 170 171
N 47.8246621815 170 171
N 34.8045340688 170 171
N 36.8606824701 230 231
N 63.2861488796 230 231
N 106.984605013 230 231
N 139.629067526 230 231
N 154.921343286 230 231
N 114.518973539 230 231
N 56.8241460939 230 231
N 41.0015629274 230 231
N 2.52710153712 244 245
N 2.51847850685 244 245
N 2.51550632234 244 245
N 2.52006350393 244 245
N 2.01709437925 244 245
N 1.68257512293 244 245
N 1.44277869692 244 245
N 1.26411835298 244 245
N 24.8213718264 255 256
N 42.2448694936 255 256
N 108.216575841 255 256
N 147.635727109 255 256
N 136.47918724 255 256
N 84.9244941711 255 256
N 42.8311858179 255 256
N 26.741980717 255 256
N 74.4979396735 269 270
N 90.8668638485 269 270
N 112.831470115 269 270
N 138.243097917 269 270
N 140.243152246 269 270
N 86.9881156136 269 270
N 51.4428088694 269 270
N 37.2022459859 269 270
N 63.5895248911 284 285
N 77.4812365122 284 285
N 90.4328604121 284 285
N 99.8233810777 284 285
N 91.6685187833 284 285
N 76.2595464766 284 285
N 60.063569658 284 285
N 48.610568644 284 285
N 72.8836137563 295 296
N 86.0889591234 295 296
N 99.8953288468 295 296
N 105.793474131 295 296
N 97.4312702442 295 296
N 80.6591813545 295 296
N 68.1903870289 295 296
N 58.6661517867 295 296
N 19.6363921964 338 339
N 38.0317475269 338 339
N 125.731873367 338 339
N 134.441009806 338 339
N 120.669250145 338 339
N 96.1493405866 338 339
N 70.6970937439 338 339
N 48.8561211006 338 339
N 34.7831697576 357 358
N 66.2446062364 357 358
N 118.835539315 357 358
N 152.979204012 357 358
N 163.737691606 357 358
N 110.969999972 357 358
N 56.6664765595 357 358
N 40.1994237765 357 358
N 40.7975353259 359 360
N 69.6315919985 359 360
N 111.235927836 359 360
N 139.078308847 359 360
N 145.481326057 359 360
N 114.336299842 359 360
N 73.2572007682 359 360
N 55.0827804006 359 360
N 10.429177633 376 377
N 39.9840890706 376 377
N 130.628091666 376 377
N 135.454588245 376 377
N 121.411893937 376 377
N 86.2292217357 376 377
N 47.8636362892 376 377
N 27.5384615665 376 377
N 20.9692766707 385 386
N 35.305468668 385 386
N 75.4796400067 385 386
N 106.453890026 385 386
N 100.38704607 385 386
N 76.7523660148 385 386
N 54.4241964161 385 386
N 38.9268822231 385 386
N 38.5442503147 411 412
N 64.6339110916 411 412
N 125.456023124 411 412
N 139.522615267 411 412
N 122.557847645 411 412
N 83.4787152207 411 412
N 42.6394362835 411 412
N 25.1739476281 411 412
N 66.4087459845 417 418
N 85.1202983869 417 418
N 114.61462569 417 418
N 136.054886387 417 418
N 132.934625582 417 418
N 86.008501702 417 418
N 54.1626771958 417 418
N 40.216859549 417 418
N 69.7345865541 425 426
N 87.2348590013 425 426
N 106.675580526 425 426
N 118.603925364 425 426
N 107.150206038 425 426
N 77.7900400163 425 426
N 55.1942855407 425 426
N 40.8534298844 425 426
N 36.6428679374 435 436
N 81.0301107506 435 436
N 130.329288278 435 436
N 155.487648146 435 436
N 159.673699554 435 436
N 50.7468554684 435 436
N 26.8138741778 435 436
N 19.4997405311 435 436
N 51.2702639897 462 463
N 69.4549480692 462 463
N 106.544191736 462 463
N 136.682426304 462 463
N 124.193042243 462 463
N 69.5345060244 462 463
N 35.8950373797 462 463
N 26.4258967836 462 463
N 30.5816208598 463 464
N 52.6347924591 463 464
N 108.688249763 463 464
N 136.222766655 463 464
N 125.927660779 463 464
N 97.2020538355 463 464
N 60.0096866677 463 464
N 37.8804252764 463 464
N 61.4381096365 475 476
N 82.98178984 475 476
N 105.199429922 475 476
N 116.27655994 475 476
N 112.104876623 475 476
N 92.6413789494 475 476
N 65.4939606747 475 476
N 44.748909097 475 476
N 40.5434371288 492 493
N 57.5495999994 492 493
N 94.8860857556 492 493
N 135.387226988 492 493
N 143.093794058 492 493
N 101.575337242 492 493
N 70.8214325584 492 493
N 55.3126239938 492 493
N 38.6300904324 497 498
N 54.9769630531 497 498
N 104.713291456 497 498
N 148.512046788 497 498
N 136.481767393 497 498
N 74.5509194595 497 498
N 35.3385446177 497 498
N 22.313081255 497 498
N 37.0741232172 501 502
N 57.9863214693 501 502
N 100.578736929 501 502
N 141.998635723 501 502
N 145.174237355 501 502
N 107.163864855 501 502
N 78.7723273785 501 502
N 62.6969284972 501 502
N 77.0343605112 521 522
N 93.2168720275 521 522
N 109.734582227 521 522
N 116.575380895 521 522
N 94.3933202518 521 522
N 56.4209164563 521 522
N 32.745849983 521 522
N 20.0763914306 521 522
N 35.5527074938 10 11
N 55.4415058228 10 11
N 85.97613929 10 11
N 108.663372285 10 11
N 109.791900562 10 11
N 96.4441536803 10 11
N 80.1698139693 10 11
N 68.3133981657 10 11
N 78.8301243734 28 29
N 89.6170906725 28 29
N 102.519910784 28 29
N 107.242785543 28 29
N 95.1972471051 28 29
N 74.6548772347 28 29
N 60.6743470039 28 29
N 50.5795902151 28 29
N 37.4676451539 53 54
N 66.0733459352 53 54
N 112.403495408 53 54
N 141.194363967 53 54
N 144.793491723 53 54
N 113.878666894 53 54
N 77.6221793514 53 54
N 58.737012977 53 54
N 41.6380064421 61 62
N 68.2974179757 61 62
N 114.030545477 61 62
N 146.668277762 61 62
N 166.126464298 61 62
N 65.3811023984 61 62
N 15.2925332152 61 62
N 9.84564584163 61 62
N 30.1152670458 64 65
N 47.8832078774 64 65
N 75.9000724028 64 65
N 98.4337551161 64 65
N 94.1239977223 64 65
N 74.9700536739 64 65
N 53.1268500477 64 65
N 38.5033833046 64 65
N 28.8104250029 87 88
N 51.6045070593 87 88
N 95.382700186 87 88
N 122.817664443 87 88
N 106.366156141 87 88
N 65.1124863703 87 88
N 37.1849971472 87 88
N 26.9067173916 87 88
N 41.0616503089 88 89
N 68.9491738161 88 89
N 113.853465531 88 89
N 141.423986711 88 89
N 130.270057684 88 89
N 102.607132518 88 89
N 62.5732759492 88 89
N 36.180294389 88 89
N 68.7428265694 109 110
N 90.0266028859 109 110
N 111.013750223 109 110
N 118.447659979 109 110
N 101.864729075 109 110
N 77.477783392 109 110
N 63.3536741853 109 110
N 52.4350176747 109 110
N 5.26826935379 112 113
N 20.8724364137 112 113
N 146.169429673 112 113
N 143.383519858 112 113
N 122.473907119 112 113
N 91.9569927724 112 113
N 59.7001888506 112 113
N 39.5797262038 112 113
N 46.472249976 136 137
N 76.6792448603 136 137
N 119.569129807 136 137
N 140.257998706 136 137
N 140.498270089 136 137
N 92.2968496627 136 137
N 39.5399779988 136 137
N 23.8820579616 136 137
N 11.734304108 140 141
N 17.7317667163 140 141
N 67.5967612835 140 141
N 123.42111527 140 141
N 106.655001385 140 141
N 74.1168675929 140 141
N 48.3400349734 140 141
N 33.1287076031 140 141
N 62.6344693187 153 154
N 85.2592258496 153 154
N 108.165459689 153 154
N 118.518622419 153 154
N 113.051691474 153 154
N 93.4670572713 153 154
N 67.3124638551 153 154
N 51.1950973322 153 154
N 53.8551502817 158 159
N 73.55463784 158 159
N 99.5662986954 158 159
N 112.882437726 158 159
N 107.271762105 158 159
N 90.8450346617 158 159
N 79.4572371281 158 159
N 69.3069330169 158 159
N 70.3216701644 170 171
N 84.1110013873 170 171
N 104.095547314 170 171
N 129.583293959 170 171
N 136.251661054 170 171
N 89.9466065292 170 171
N 47.6624444885 170 171
N 34.8046699752 170 171
N 38.0251550786 230 231
N 63.9377968664 230 231
N 105.415714107 230 231
N 137.856910013 230 231
N 152.767908653 230 231
N 112.129123931 230 231
N 57.4990259655 230 231
N 41.6420774307 230 231
N 77.346952122 244 245
N 92.5783084695 244 245
N 115.295553431 244 245
N 134.249846005 244 245
N 128.695192775 244 245
N 96.2594532276 244 245
N 61.9154291424 244 245
N 44.1632835034 244 245
N 24.2489498436 255 256
N 40.7874354628 255 256
N 108.200408587 255 256
N 149.522231093 255 256
N 137.730725728 255 256
N 86.4099814209 255 256
N 43.7624422545 255 256
N 27.2317438589 255 256
N 75.6422205577 269 270
N 91.6702909823 269 270
N 112.871001128 269 270
N 137.912892838 269 270
N 141.164831633 269 270
N 86.7606928683 269 270
N 50.4161273983 269 270
N 36.3643384282 269 270
N 63.2325304175 284 285
N 77.0323091823 284 285
N 90.230848782 284 285
N 99.8016020427 284 285
N 91.5726201474 284 285
N 75.8560486815 284 285
N 59.406318516 284 285
N 47.8718114759 284 285
N 73.630624335 295 296
N 86.6524311202 295 296
N 99.9729007787 295 296
N 105.610768204 295 296
N 97.1668238672 295 296
N 80.4657704086 295 296
N 68.0319038816 295 296
N 58.5404190027 295 296
N 20.5350865855 338 339
N 39.5266709913 338 339
N 127.706303719 338 339
N 135.781330228 338 339
N 121.354703425 338 339
N 96.1995019212 338 339
N 70.2141279411 338 339
N 48.27385817 338 339
N 74.2763656954 356 357
N 88.8718218214 356 357
N 109.076274696 356 357
N 127.583817404 356 357
N 109.545969454 356 357
N 54.9267062358 356 357
N 26.2723265252 356 357
N 13.99331751 356 357
N 42.5967621257 359 360
N 71.4475510566 359 360
N 112.037360487 359 360
N 139.220250658 359 360
N 146.208895707 359 360
N 114.630146912 359 360
N 71.5063218182 359 360
N 53.2045600843 359 360
N 16.0549644761 376 377
N 44.4976159636 376 377
N 130.246154636 376 377
N 135.138103612 376 377
N 120.901797638 376 377
N 85.5782319253 376 377
N 47.2103807188 376 377
N 27.2436698156 376 377
N 48.8474429859 386 387
N 69.5026431013 386 387
N 102.16318061 386 387
N 132.593135679 386 387
N 135.317813461 386 387
N 114.480591076 386 387
N 90.3725086474 386 387
N 72.8239321949 386 387
N 40.1142133274 411 412
N 65.7141567264 411 412
N 119.674773648 411 412
N 135.825827104 411 412
N 120.531234184 411 412
N 82.5010187286 411 412
N 42.9029491158 411 412
N 25.3548096305 411 412
N 67.1356275647 417 418
N 85.5353769226 417 418
N 114.291263567 417 418
N 134.805930936 417 418
N 130.729644544 417 418
N 86.0361596247 417 418
N 54.6186910891 417 418
N 40.6053609379 417 418
N 81.0527303076 423 424
N 94.7113973363 423 424
N 108.927379647 423 424
N 111.5903278 423 424
N 98.0467695776 423 424
N 77.6905892782 423 424
N 61.4167351856 423 424
N 49.3068918077 423 424
N 38.4144731523 435 436
N 81.3220396752 435 436
N 128.620571475 435 436
N 153.866765554 435 436
N 162.223768639 435 436
N 49.9387659121 435 436
N 27.0600386651 435 436
N 19.9164059965 435 436
N 51.8471094094 462 463
N 70.724993391 462 463
N 109.42152463 462 463
N 139.044309616 462 463
N 126.321595923 462 463
N 68.7681633482 462 463
N 35.2904572656 462 463
N 26.3935247343 462 463
N 28.5429230231 463 464
N 50.2286161814 463 464
N 108.808154993 463 464
N 136.22375589 463 464
N 125.647716048 463 464
N 98.2588685182 463 464
N 62.1815511762 463 464
N 39.5869018196 463 464
N 63.3399813375 475 476
N 84.2740052031 475 476
N 105.474366621 475 476
N 116.246434271 475 476
N 111.459625502 475 476
N 90.8399886371 475 476
N 63.1157798584 475 476
N 42.4727792973 475 476
N 41.5295529582 492 493
N 58.494287184 492 493
N 95.4215498686 492 493
N 137.007080576 492 493
N 146.065346024 492 493
N 103.011931236 492 493
N 72.0434062006 492 493
N 56.5747913089 492 493
N 39.3833390853 497 498
N 55.7420751263 497 498
N 105.467985435 497 498
N 150.484555117 497 498
N 141.232689626 497 498
N 75.9657905083 497 498
N 33.9198710921 497 498
N 21.0947834288 497 498
N 36.2896163457 501 502
N 57.0650215882 501 502
N 99.5828156438 501 502
N 140.495269909 501 502
N 143.994970379 501 502
N 106.516604855 501 502
N 77.4452708427 501 502
N 61.2869552477 501 502
N 76.1299323 521 522
N 92.9945597284 521 522
N 110.549167776 521 522
N 118.504870317 521 522
N 96.1205975202 521 522
N 56.7555671362 521 522
N 32.4382599905 521 522
N 19.7506465244 521 522
N 13.0292174816 8 9
N 24.9144742263 8 9
N 105.336105275 8 9
N 156.198759244 8 9
N 158.022236475 8 9
N 61.4569292862 8 9
N 13.8156593115 8 9
N 11.3132496141 8 9
N 79.0982933025 28 29
N 90.0091451474 28 29
N 102.709753975 28 29
N 107.282600992 28 29
N 95.3830571229 28 29
N 74.9596521431 28 29
N 60.8754319769 28 29
N 50.5512936883 28 29
N 37.2689294323 53 54
N 66.5665809126 53 54
N 115.27126431 53 54
N 144.217159781 53 54
N 147.028363308 53 54
N 114.580060605 53 54
N 76.4965663786 53 54
N 57.4493509134 53 54
N 40.3985964616 61 62
N 67.7660845054 61 62
N 114.622472929 61 62
N 146.096387483 61 62
N 164.269000402 61 62
N 54.586354456 61 62
N 11.2982876806 61 62
N 7.28526265149 61 62
N 28.8677709596 64 65
N 46.1972547132 64 65
N 74.9905552544 64 65
N 98.5674778981 64 65
N 93.458187658 64 65
N 73.575046356 64 65
N 51.7844848643 64 65
N 37.5200866286 64 65
N 29.6369867601 87 88
N 52.4677497959 87 88
N 93.312968965 87 88
N 120.481336183 87 88
N 105.154529832 87 88
N 65.0622258813 87 88
N 38.3919348198 87 88
N 27.8611200366 87 88
N 42.8960428019 88 89
N 70.3449281136 88 89
N 114.323346945 88 89
N 141.441676767 88 89
N 131.624528263 88 89
N 104.511085509 88 89
N 62.6112211688 88 89
N 35.1536128706 88 89
N 72.0407411602 109 110
N 92.0244796016 109 110
N 111.518133773 109 110
N 118.877832651 109 110
N 102.179634888 109 110
N 77.2639207971 109 110
N 63.0325683983 109 110
N 52.3336842552 109 110
N 3.68158713595 112 113
N 9.11541085369 112 113
N 156.092408703 112 113
N 147.597825652 112 113
N 125.29757201 112 113
N 93.3418388684 112 113
N 59.3541452035 112 113
N 38.855006922 112 113
N 44.0465112805 136 137
N 75.9316609004 136 137
N 119.964302333 136 137
N 139.094657902 136 137
N 135.969500256 136 137
N 88.7250264289 136 137
N 41.2850133287 136 137
N 25.4755370264 136 137
N 13.3125445457 140 141
N 21.4462894533 140 141
N 72.9798385651 140 141
N 128.088923994 140 141
N 109.227472699 140 141
N 68.8031427585 140 141
N 40.4674822001 140 141
N 26.6149331126 140 141
N 60.7399863828 153 154
N 84.4103503525 153 154
N 108.85533329 153 154
N 119.704929314 153 154
N 114.318589282 153 154
N 94.4404508656 153 154
N 67.8399912376 153 154
N 51.4597171322 153 154
N 52.3186474525 158 159
N 73.6386158584 158 159
N 101.624532767 158 159
N 112.624697644 158 159
N 103.773186968 158 159
N 85.603766659 158 159
N 73.9069354041 158 159
N 64.2758193256 158 159
N 69.5304413364 170 171
N 83.7533839465 170 171
N 104.157141237 170 171
N 129.929343623 170 171
N 136.732645394 170 171
N 90.9711547163 170 171
N 48.2611466766 170 171
N 35.1447421575 170 171
N 38.2208514429 230 231
N 63.7074260204 230 231
N 105.192346167 230 231
N 137.658557883 230 231
N 153.335784125 230 231
N 113.374770816 230 231
N 54.3714903306 230 231
N 39.2748334727 230 231
N 79.9243145381 244 245
N 93.485471776 244 245
N 115.097617433 244 245
N 134.661722067 244 245
N 128.843861123 244 245
N 93.4647126327 244 245
N 58.7151701474 244 245
N 41.7447299089 244 245
N 24.8969101895 255 256
N 42.4962568668 255 256
N 107.071527379 255 256
N 146.862780843 255 256
N 135.737012806 255 256
N 84.9942632496 255 256
N 43.3301447121 255 256
N 27.1029151397 255 256
N 73.7199938937 269 270
N 90.5284541845 269 270
N 112.978935322 269 270
N 138.364052178 269 270
N 140.320112635 269 270
N 88.012335232 269 270
N 51.7495412624 269 270
N 37.2987483915 269 270
N 62.6416225908 284 285
N 76.5135372011 284 285
N 89.7906500613 284 285
N 99.503091954 284 285
N 91.5795421516 284 285
N 76.2493272387 284 285
N 60.127281466 284 285
N 48.7478738123 284 285
N 72.8313558322 295 296
N 85.6572627992 295 296
N 99.1636054057 295 296
N 105.229742241 295 296
N 97.1427187832 295 296
N 80.5192136756 295 296
N 68.1684786031 295 296
N 58.8348234344 295 296
N 19.3952748867 338 339
N 37.353732868 338 339
N 126.621298267 338 339
N 135.2748007 338 339
N 121.151501194 338 339
N 96.6526257732 338 339
N 71.3075147945 338 339
N 49.3856597586 338 339
N 73.9441530287 356 357
N 89.8295991624 356 357
N 111.76945546 356 357
N 130.786106539 356 357
N 110.828106203 356 357
N 57.2462916637 356 357
N 28.3746820354 356 357
N 15.3709829371 356 357
N 44.882451175 359 360
N 73.6277997962 359 360
N 112.454330235 359 360
N 138.775617729 359 360
N 145.963834373 359 360
N 115.163195028 359 360
N 71.7162083122 359 360
N 53.0979678249 359 360
N 13.8486427797 376 377
N 39.5544699469 376 377
N 131.657949812 376 377
N 135.647656916 376 377
N 121.532172661 376 377
N 87.1266878144 376 377
N 48.7663542734 376 377
N 28.2766023565 376 377
N 49.5163990772 386 387
N 69.6370279301 386 387
N 101.058354949 386 387
N 131.287012402 386 387
N 135.072383096 386 387
N 114.260698542 386 387
N 89.828189456 386 387
N 72.2441966369 386 387
N 37.1765390082 411 412
N 62.6857669361 411 412
N 127.911231105 411 412
N 142.187680287 411 412
N 124.876977145 411 412
N 84.403244757 411 412
N 41.8192536887 411 412
N 24.376724942 411 412
N 66.1280408194 417 418
N 85.2485485342 417 418
N 114.746574825 417 418
N 135.212240823 417 418
N 131.727696877 417 418
N 85.7390677164 417 418
N 53.9958817712 417 418
N 40.0674235361 417 418
N 69.1707123725 425 426
N 86.9499324151 425 426
N 106.845671169 425 426
N 118.423590944 425 426
N 106.855092827 425 426
N 77.5953088665 425 426
N 55.0530186636 425 426
N 40.697810346 425 426
N 39.4423402716 435 436
N 82.0821123175 435 436
N 129.001992048 435 436
N 153.99969513 435 436
N 161.964486347 435 436
N 50.0352322217 435 436
N 26.9909896909 435 436
N 19.844934081 435 436
N 49.9752018569 462 463
N 68.7795678961 462 463
N 109.046025828 462 463
N 139.738673788 462 463
N 126.809043388 462 463
N 67.4903441429 462 463
N 34.4439962668 462 463
N 25.6750275766 462 463
N 28.2527135708 463 464
N 50.1527781226 463 464
N 110.669515836 463 464
N 137.381584458 463 464
N 126.214466143 463 464
N 97.3311244618 463 464
N 60.5538356753 463 464
N 38.5071908553 463 464
N 61.7585929654 475 476
N 82.9545654047 475 476
N 105.084818371 475 476
N 116.328675912 475 476
N 112.168031844 475 476
N 92.3182877713 475 476
N 64.7223708312 475 476
N 43.9497067698 475 476
N 40.5644996077 492 493
N 57.412973748 492 493
N 94.716608285 492 493
N 136.74031036 492 493
N 146.002526022 492 493
N 104.340156665 492 493
N 73.1254030981 492 493
N 57.0201125913 492 493
N 39.5648941293 497 498
N 56.3018588912 497 498
N 106.079234023 497 498
N 149.753349438 497 498
N 139.566608928 497 498
N 75.4464205714 497 498
N 34.5803386291 497 498
N 21.7857904119 497 498
N 37.0923088183 501 502
N 58.0304785984 501 502
N 100.210171969 501 502
N 141.042297992 501 502
N 144.449669491 501 502
N 106.263690383 501 502
N 77.5003129312 501 502
N 61.5401516883 501 502
N 76.54656938 521 522
N 92.4433183907 521 522
N 109.076781978 521 522
N 116.45222107 521 522
N 94.7667666988 521 522
N 57.4196511487 521 522
N 33.710359517 521 522
N 20.8267401445 521 522
