N 37.7449712168 310 311
N 70.8148783962 310 311
N 114.410891109 310 311
N 133.208244331 310 311
N 128.320778547 310 311
N 93.0928575999 310 311
N 48.7752792691 310 311
N 30.1193763203 310 311
N 71.785279773 322 323
N 89.0459570734 322 323
N 114.652852855 322 323
N 137.112587584 322 323
N 114.864664038 322 323
N 50.2947303988 322 323
N 27.5705232229 322 323
N 18.5877838871 322 323
N 40.5091566495 337 338
N 62.46102066 337 338
N 103.238589378 337 338
N 145.940628869 337 338
N 165.792836152 337 338
N 87.5874759442 337 338
N 25.3700858912 337 338
N 14.1208354155 337 338
N 75.5845498344 362 363
N 91.9372410062 362 363
N 107.993566168 362 363
N 112.936369585 362 363
N 99.3497453376 362 363
N 78.1325604102 362 363
N 57.2443305296 362 363
N 42.7349226614 362 363
N 46.7918061507 370 371
N 77.1635605595 370 371
N 111.498536936 370 371
N 127.07237757 370 371
N 121.327401742 370 371
N 94.7569479476 370 371
N 59.0889624001 370 371
N 38.8648210263 370 371
N 74.2415667878 395 396
N 91.2577374148 395 396
N 117.23060334 395 396
N 131.663819791 395 396
N 110.580175449 395 396
N 72.1567648357 395 396
N 51.2648214766 395 396
N 40.4443536563 395 396
N 20.5825519903 410 411
N 34.7649017093 410 411
N 123.479778851 410 411
N 175.715987441 410 411
N 158.063148065 410 411
N 94.634326476 410 411
N 38.6109084782 410 411
N 23.1503014425 410 411
N 66.7778150442 416 417
N 88.4793423472 416 417
N 115.333661236 416 417
N 124.017292631 416 417
N 106.177860345 416 417
N 79.5249015397 416 417
N 58.5070716511 416 417
N 46.6479924322 416 417
N 60.1688265238 420 421
N 76.5155319717 420 421
N 97.8784999812 420 421
N 122.373620107 420 421
N 126.880488757 420 421
N 86.0716855768 420 421
N 54.9803439585 420 421
N 40.6226626668 420 421
N 46.0762384533 439 440
N 72.2702040695 439 440
N 126.349481706 439 440
N 147.79862766 439 440
N 124.305568669 439 440
N 52.3497546888 439 440
N 25.4139576035 439 440
N 15.3160714848 439 440
N 25.419055437 440 441
N 59.2163215347 440 441
N 133.26836744 440 441
N 154.373368391 440 441
N 137.112323744 440 441
N 81.6778307472 440 441
N 35.1962517128 440 441
N 19.8652170368 440 441
N 58.9554396433 456 457
N 78.0227111023 456 457
N 98.210967166 456 457
N 107.850717046 456 457
N 100.118116671 456 457
N 79.5605968433 456 457
N 61.9811252715 456 457
N 47.4788374412 456 457
N 20.356318376 470 471
N 23.9166148992 470 471
N 28.3898166237 470 471
N 34.6768179875 470 471
N 41.467370401 470 471
N 48.7492499952 470 471
N 54.7059883181 470 471
N 50.8175478113 470 471
N 75.5020861857 493 494
N 91.8162892557 493 494
N 109.149609659 493 494
N 125.241824014 493 494
N 120.835196599 493 494
N 80.7911469813 493 494
N 45.4645692387 493 494
N 31.3639505555 493 494
N 18.3560628893 495 496
N 41.5771768548 495 496
N 129.289461677 495 496
N 141.7584136 495 496
N 123.954318011 495 496
N 89.9416287385 495 496
N 52.6227787489 495 496
N 34.4478553456 495 496
N 75.5563644241 530 531
N 90.2659556853 530 531
N 105.210921428 530 531
N 112.064525237 530 531
N 100.675206716 530 531
N 78.7726376617 530 531
N 62.7225867743 530 531
N 49.1738600042 530 531
N 24.6646336897 536 537
N 47.12052321 536 537
N 117.386446844 536 537
N 153.656286776 536 537
N 134.410845584 536 537
N 93.6540624242 536 537
N 56.1762416828 536 537
N 36.700155542 536 537
N 68.3089145744 546 547
N 89.4695646383 546 547
N 113.576095893 546 547
N 127.624528394 546 547
N 121.480295908 546 547
N 92.4494756454 546 547
N 69.9449507211 546 547
N 4.12648651656 546 547
N 37.4557958073 310 311
N 70.5397035604 310 311
N 114.89394222 310 311
N 134.783488259 310 311
N 129.572183241 310 311
N 91.8245754655 310 311
N 48.7814511434 310 311
N 31.1363818815 310 311
N 73.946024579 322 323
N 90.9443118143 322 323
N 115.487598696 322 323
N 134.81279321 322 323
N 111.177391914 322 323
N 54.5033679448 322 323
N 30.7944415522 322 323
N 21.21398801 322 323
N 41.4282118869 337 338
N 63.236659566 337 338
N 103.199056104 337 338
N 151.103913206 337 338
N 176.943282502 337 338
N 101.811331036 337 338
N 27.5974333916 337 338
N 15.6122421165 337 338
N 76.1065255193 362 363
N 91.6428927168 362 363
N 106.703894694 362 363
N 111.605403125 362 363
N 98.7875739547 362 363
N 77.4450898189 362 363
N 56.1082209568 362 363
N 41.5745051744 362 363
N 44.3903086868 370 371
N 76.2582948131 370 371
N 113.021891116 370 371
N 128.588469266 370 371
N 122.312583984 370 371
N 94.9301590986 370 371
N 59.0789398661 370 371
N 38.6913413701 370 371
N 72.7909712869 395 396
N 89.6591826977 395 396
N 116.128616343 395 396
N 132.750249196 395 396
N 113.665332866 395 396
N 72.6346921942 395 396
N 50.4358198734 395 396
N 39.8038659386 395 396
N 59.9312376154 420 421
N 76.8849814685 420 421
N 99.0528499695 420 421
N 125.854315017 420 421
N 132.05483684 420 421
N 87.3480415325 420 421
N 54.7931200962 420 421
N 40.2495339076 420 421
N 47.7344007241 439 440
N 72.9608525265 439 440
N 124.008245509 439 440
N 146.247019699 439 440
N 122.66477836 439 440
N 51.4348485323 439 440
N 25.2420641914 439 440
N 15.2712178266 439 440
N 25.6263701192 440 441
N 60.4474904422 440 441
N 133.840925228 440 441
N 153.712786111 440 441
N 136.502899803 440 441
N 81.5976811494 440 441
N 35.0157540963 440 441
N 19.3895815801 440 441
N 58.2567334813 456 457
N 77.8385979713 456 457
N 98.9332318239 456 457
N 109.065700236 456 457
N 101.086171082 456 457
N 78.635179925 456 457
N 57.396700911 456 457
N 40.8098280639 456 457
N 52.0721076564 471 472
N 72.6480168863 471 472
N 104.507965977 471 472
N 128.483112206 471 472
N 126.067751357 471 472
N 107.358176611 471 472
N 89.0910156008 471 472
N 73.1395644807 471 472
N 76.4479487764 493 494
N 92.1796992888 493 494
N 109.676827927 493 494
N 126.021938833 493 494
N 121.618692624 493 494
N 80.922281926 493 494
N 45.63822606 493 494
N 31.5528116947 493 494
N 16.0618315505 495 496
N 38.3538789743 495 496
N 133.986302278 495 496
N 144.155768857 495 496
N 125.68447629 495 496
N 91.4112060757 495 496
N 53.5143798949 495 496
N 35.0810198596 495 496
N 78.6994083089 530 531
N 92.0170026378 530 531
N 104.568603366 530 531
N 110.917258962 530 531
N 100.057751821 530 531
N 80.5223283417 530 531
N 66.724292895 530 531
N 56.0171598883 530 531
N 27.8671437341 536 537
N 37.7964034517 536 537
N 60.3765232047 536 537
N 115.106835513 536 537
N 151.086744378 536 537
N 136.212771126 536 537
N 21.9396357772 536 537
N 10.3728675675 536 537
N 74.3836750707 546 547
N 90.0162588041 546 547
N 108.464484883 546 547
N 115.746235279 546 547
N 101.888053234 546 547
N 78.1578050509 546 547
N 61.8705425503 546 547
N 50.3326408454 546 547
N 158.289917631 687 688
N 170.217063133 687 688
N 173.654720123 687 688
N 174.718608027 687 688
N 175.058372107 687 688
N 174.235594978 687 688
N 172.778910653 687 688
N 169.227243604 687 688
N 75.9144519428 694 695
N 89.7120749052 694 695
N 105.51362574 694 695
N 112.905971138 694 695
N 100.837226681 694 695
N 79.0522489817 694 695
N 64.535977057 694 695
N 53.9083042641 694 695
N 173.000343231 687 688
N 175.554826861 687 688
N 176.655182425 687 688
N 177.663603185 687 688
N 178.213661385 687 688
N 177.912658301 687 688
N 177.251621171 687 688
N 175.205359404 687 688
