Ca 46.6841051964 310 311
Ca 68.8976519835 310 311
Ca 103.977529177 310 311
Ca 134.087844537 310 311
Ca 141.768629582 310 311
Ca 110.738929718 310 311
Ca 71.3531380748 310 311
Ca 51.6485559709 310 311
Ca 76.4484115847 322 323
Ca 92.7097575989 322 323
Ca 116.086264853 322 323
Ca 138.149432379 322 323
Ca 129.454369436 322 323
Ca 93.6830268257 322 323
Ca 61.1776720825 322 323
Ca 40.6913492447 322 323
Ca 41.7433579388 337 338
Ca 62.0135995971 337 338
Ca 103.116394858 337 338
Ca 152.996535524 337 338
Ca 162.819426442 337 338
Ca 114.275305179 337 338
Ca 67.2234663181 337 338
Ca 46.7783309283 337 338
Ca 78.654428953 362 363
Ca 91.4330213192 362 363
Ca 100.467625066 362 363
Ca 102.65729156 362 363
Ca 101.168439843 362 363
Ca 92.5138423188 362 363
Ca 77.3745153957 362 363
Ca 61.4384735272 362 363
Ca 50.4756976684 370 371
Ca 70.4929533401 370 371
Ca 98.1888183982 370 371
Ca 119.617042601 370 371
Ca 125.521269366 370 371
Ca 105.343369746 370 371
Ca 71.7029651474 370 371
Ca 52.219170991 370 371
Ca 77.786230982 395 396
Ca 94.2388869169 395 396
Ca 110.822175546 395 396
Ca 121.850026497 395 396
Ca 117.303182476 395 396
Ca 105.815840237 395 396
Ca 90.3733752476 395 396
Ca 75.9685597889 395 396
Ca 22.0438062134 410 411
Ca 38.6143738302 410 411
Ca 108.359467693 410 411
Ca 164.837425254 410 411
Ca 155.52847178 410 411
Ca 113.076994051 410 411
Ca 70.8612829971 410 411
Ca 51.3700596362 410 411
Ca 73.2506186066 416 417
Ca 90.2418475583 416 417
Ca 103.80705122 416 417
Ca 110.925023379 416 417
Ca 108.279367849 416 417
Ca 98.3914706353 416 417
Ca 84.3652884586 416 417
Ca 69.0451855238 416 417
Ca 72.4512396569 420 421
Ca 87.5035468541 420 421
Ca 103.905783565 420 421
Ca 116.962599229 420 421
Ca 119.655870939 420 421
Ca 105.658616455 420 421
Ca 84.5507782749 420 421
Ca 68.2105236971 420 421
Ca 61.8156084884 439 440
Ca 82.3929036789 439 440
Ca 115.972256396 439 440
Ca 150.778401987 439 440
Ca 149.092845182 439 440
Ca 99.0761437245 439 440
Ca 60.9755314302 439 440
Ca 40.2215736129 439 440
Ca 39.4493679734 440 441
Ca 66.1705694737 440 441
Ca 111.916086524 440 441
Ca 144.535572216 440 441
Ca 150.232947005 440 441
Ca 109.877809855 440 441
Ca 63.7618640315 440 441
Ca 43.7417176495 440 441
Ca 66.0955634396 456 457
Ca 79.5533234646 456 457
Ca 91.4820995366 456 457
Ca 96.8673717097 456 457
Ca 95.3995139524 456 457
Ca 89.9437195539 456 457
Ca 76.0554347717 456 457
Ca 59.2745661968 456 457
Ca 31.1676438947 470 471
Ca 36.5378654958 470 471
Ca 44.1433356202 470 471
Ca 53.1026565876 470 471
Ca 64.7722664383 470 471
Ca 79.9404794093 470 471
Ca 92.3103399621 470 471
Ca 78.3027581751 470 471
Ca 78.5258772074 493 494
Ca 92.182598893 493 494
Ca 106.574823179 493 494
Ca 117.665262138 493 494
Ca 115.799784615 493 494
Ca 93.9200983501 493 494
Ca 66.0061015684 493 494
Ca 48.163302208 493 494
Ca 38.9938578714 495 496
Ca 59.8631941305 495 496
Ca 101.283761498 495 496
Ca 127.588637329 495 496
Ca 132.623919972 495 496
Ca 107.024782224 495 496
Ca 72.2149514423 495 496
Ca 53.1938773998 495 496
Ca 77.823225004 530 531
Ca 89.79912665 530 531
Ca 99.5168563745 530 531
Ca 102.926405173 530 531
Ca 98.9326492459 530 531
Ca 92.2842855392 530 531
Ca 77.9334694115 530 531
Ca 60.5173830475 530 531
Ca 30.7920016887 536 537
Ca 52.8456801378 536 537
Ca 98.4627053075 536 537
Ca 128.986451814 536 537
Ca 130.338464534 536 537
Ca 107.408691057 536 537
Ca 72.2606739925 536 537
Ca 52.7554846507 536 537
Ca 73.8992837492 546 547
Ca 88.8371857975 546 547
Ca 104.262945453 546 547
Ca 113.562101028 546 547
Ca 114.090438513 546 547
Ca 106.961164919 546 547
Ca 15.6852505116 546 547
Ca 10.7800035713 546 547
Ca 74.6825897084 310 311
Ca 90.4145095858 310 311
Ca 110.982769895 310 311
Ca 124.395021065 310 311
Ca 116.54537607 310 311
Ca 88.1390668755 310 311
Ca 57.0064549065 310 311
Ca 36.7908113756 310 311
Ca 78.7175316394 322 323
Ca 90.6434283532 322 323
Ca 99.7595037428 322 323
Ca 102.9917027 322 323
Ca 101.200560533 322 323
Ca 89.6705758002 322 323
Ca 71.6369036553 322 323
Ca 54.6931840228 322 323
Ca 49.2429128894 337 338
Ca 63.8233274693 337 338
Ca 89.7288797493 337 338
Ca 120.515784435 337 338
Ca 126.839338564 337 338
Ca 89.6306548361 337 338
Ca 38.1974114892 337 338
Ca 19.2768190953 337 338
Ca 76.387788225 362 363
Ca 89.1236186805 362 363
Ca 98.8558689433 362 363
Ca 102.604954601 362 363
Ca 100.829971616 362 363
Ca 97.943709871 362 363
Ca 89.3150446047 362 363
Ca 75.9977481923 362 363
Ca 75.583603148 370 371
Ca 90.8904702562 370 371
Ca 108.636525436 370 371
Ca 117.781819761 370 371
Ca 108.419389537 370 371
Ca 84.8919892194 370 371
Ca 59.2259266796 370 371
Ca 40.0970141986 370 371
Ca 77.823071622 395 396
Ca 89.440804606 395 396
Ca 98.8106549514 395 396
Ca 101.927459659 395 396
Ca 99.8508097798 395 396
Ca 92.9074994118 395 396
Ca 77.7890488545 395 396
Ca 60.9068264951 395 396
Ca 49.2535724144 420 421
Ca 63.6700744647 420 421
Ca 81.718605627 420 421
Ca 92.8122499942 420 421
Ca 94.973411258 420 421
Ca 90.1838929789 420 421
Ca 76.7563758175 420 421
Ca 58.8000467569 420 421
Ca 80.241956812 439 440
Ca 95.3470943817 439 440
Ca 112.881467943 439 440
Ca 131.065758525 439 440
Ca 133.854636242 439 440
Ca 105.158657362 439 440
Ca 73.5599035243 439 440
Ca 52.8388357708 439 440
Ca 62.7682686451 440 441
Ca 83.1057260536 440 441
Ca 116.172343183 440 441
Ca 150.981204875 440 441
Ca 149.166168113 440 441
Ca 98.6062789787 440 441
Ca 60.8033385541 440 441
Ca 40.2615000934 440 441
Ca 69.1545890134 456 457
Ca 82.9914935843 456 457
Ca 97.4544337802 456 457
Ca 107.40690501 456 457
Ca 104.255449955 456 457
Ca 97.0923724798 456 457
Ca 85.6385949442 456 457
Ca 71.0877428909 456 457
Ca 21.4497039089 471 472
Ca 35.5000997258 471 472
Ca 74.0846657002 471 472
Ca 161.812009322 471 472
Ca 147.420657319 471 472
Ca 108.89717497 471 472
Ca 76.9158991562 471 472
Ca 55.6495924345 471 472
Ca 81.1219306029 493 494
Ca 92.8359852376 493 494
Ca 101.350867921 493 494
Ca 104.127991478 493 494
Ca 98.4881693254 493 494
Ca 91.7926065747 493 494
Ca 78.5950708098 493 494
Ca 63.7375219928 493 494
Ca 64.5258713999 495 496
Ca 82.0876695002 495 496
Ca 113.745510577 495 496
Ca 145.51960108 495 496
Ca 148.818724178 495 496
Ca 100.529994107 495 496
Ca 62.0655257756 495 496
Ca 41.5416137295 495 496
Ca 77.3058454035 530 531
Ca 88.4332567589 530 531
Ca 98.8344249214 530 531
Ca 103.272567044 530 531
Ca 100.390577417 530 531
Ca 96.2093375547 530 531
Ca 86.4945104052 530 531
Ca 73.1153628042 530 531
Ca 37.1632928539 536 537
Ca 48.8698654141 536 537
Ca 72.8739146924 536 537
Ca 117.574444875 536 537
Ca 162.759590809 536 537
Ca 126.039505553 536 537
Ca 58.464975492 536 537
Ca 37.5004106696 536 537
Ca 76.5712880139 546 547
Ca 90.2636279172 546 547
Ca 101.58497153 546 547
Ca 106.726619882 546 547
Ca 104.384870349 546 547
Ca 99.8274526444 546 547
Ca 89.4325445825 546 547
Ca 76.7485334481 546 547
Ca 157.480475394 687 688
Ca 166.629869801 687 688
Ca 170.416840741 687 688
Ca 172.332327062 687 688
Ca 172.503336421 687 688
Ca 171.309636666 687 688
Ca 167.287687678 687 688
Ca 159.531627663 687 688
Ca 77.163454275 694 695
Ca 89.7118256796 694 695
Ca 100.674630448 694 695
Ca 105.619023353 694 695
Ca 103.552117881 694 695
Ca 98.5710661372 694 695
Ca 88.4092412501 694 695
Ca 75.2884978187 694 695
Ca 169.873110775 687 688
Ca 172.259396875 687 688
Ca 173.886901486 687 688
Ca 174.746937136 687 688
Ca 174.664046371 687 688
Ca 174.036770594 687 688
Ca 171.753121137 687 688
Ca 167.075633421 687 688
