C 17.8150465991 310 311
C 24.206840761 310 311
C 96.5145898976 310 311
C 174.712082728 310 311
C 164.146238016 310 311
C 112.680479391 310 311
C 51.3466572588 310 311
C 35.564285427 310 311
C 48.3525306433 322 323
C 63.870007879 322 323
C 93.3666449339 322 323
C 132.611447234 322 323
C 156.185864922 322 323
C 107.84165566 322 323
C 24.9150324904 322 323
C 10.5902165791 322 323
C 24.2385407993 337 338
C 36.3813332531 337 338
C 95.0651871777 337 338
C 154.019148551 337 338
C 155.146002858 337 338
C 123.221855398 337 338
C 54.3721503587 337 338
C 36.6870134678 337 338
C 67.1557058386 362 363
C 77.909002833 362 363
C 88.5998886202 362 363
C 102.711272036 362 363
C 113.205477376 362 363
C 105.383749279 362 363
C 79.1050535389 362 363
C 60.0699988935 362 363
C 25.9449652966 370 371
C 35.403968017 370 371
C 83.037683481 370 371
C 153.048228252 370 371
C 167.059509961 370 371
C 121.18437441 370 371
C 47.4228285266 370 371
C 31.6812701243 370 371
C 47.1323139812 395 396
C 59.0385049972 395 396
C 77.5414680895 395 396
C 100.733064263 395 396
C 117.242534936 395 396
C 112.411476894 395 396
C 95.113529825 395 396
C 77.8483112317 395 396
C 12.7791728365 410 411
C 19.104623417 410 411
C 73.709564349 410 411
C 158.194925484 410 411
C 155.426029951 410 411
C 118.928363603 410 411
C 54.3081107064 410 411
C 36.499615889 410 411
C 49.9516862009 416 417
C 62.3964732869 416 417
C 78.5299934998 416 417
C 95.875844121 416 417
C 108.147257821 416 417
C 100.082425346 416 417
C 78.6732987128 416 417
C 62.9570521633 416 417
C 55.7143383771 420 421
C 66.5089023886 420 421
C 83.3128841851 420 421
C 109.084309491 420 421
C 124.70672596 420 421
C 113.126421579 420 421
C 93.7350745291 420 421
C 75.8767252955 420 421
C 29.9628492456 439 440
C 44.9414085197 439 440
C 84.9366089917 439 440
C 138.949091869 439 440
C 162.961148156 439 440
C 102.318493134 439 440
C 27.7366677513 439 440
C 17.1017866957 439 440
C 13.8399799751 440 441
C 25.3280948034 440 441
C 88.6341015774 440 441
C 162.131247748 440 441
C 171.818488802 440 441
C 142.345432056 440 441
C 39.4841475334 440 441
C 24.6387030369 440 441
C 64.5228332057 456 457
C 76.6627280726 456 457
C 88.8676428817 456 457
C 103.026196618 456 457
C 113.605660488 456 457
C 107.949647577 456 457
C 86.4341605647 456 457
C 63.8408224657 456 457
C 31.5902381411 470 471
C 39.6738162897 470 471
C 50.0660644025 470 471
C 65.4161254691 470 471
C 88.6242443102 470 471
C 114.687472077 470 471
C 101.484723872 470 471
C 88.269974631 470 471
C 64.1533232194 493 494
C 74.1799683204 493 494
C 90.0910977471 493 494
C 109.123345451 493 494
C 118.290423354 493 494
C 95.7656106394 493 494
C 57.2584434813 493 494
C 33.000949673 493 494
C 8.8015145852 495 496
C 17.4443568981 495 496
C 78.3847857056 495 496
C 159.217529269 495 496
C 173.104912865 495 496
C 122.384095449 495 496
C 51.6245791039 495 496
C 34.6370533823 495 496
C 68.0775289095 530 531
C 78.3846957112 530 531
C 88.5034977241 530 531
C 98.7080874929 530 531
C 104.579647381 530 531
C 96.3660565621 530 531
C 70.7310237716 530 531
C 49.4917372836 530 531
C 3.09533117738 536 537
C 10.7367361092 536 537
C 58.1969910361 536 537
C 158.846343572 536 537
C 172.034849173 536 537
C 125.4299253 536 537
C 48.6885938644 536 537
C 32.4115311604 536 537
C 57.5601842576 546 547
C 69.0083563716 546 547
C 82.9427882422 546 547
C 98.6206241975 546 547
C 110.502484817 546 547
C 112.065464737 546 547
C 97.1438161233 546 547
C 83.0161675472 546 547
C 53.1101013887 310 311
C 69.8800316985 310 311
C 96.7975151159 310 311
C 127.798657636 310 311
C 147.522345503 310 311
C 92.143413072 310 311
C 10.2382705401 310 311
C 6.59047384277 310 311
C 64.0371553328 322 323
C 74.2928167981 322 323
C 85.9966366772 322 323
C 103.462577942 322 323
C 114.483760435 322 323
C 103.610719183 322 323
C 69.934428264 322 323
C 46.9773984129 322 323
C 22.7295971313 337 338
C 35.0808843509 337 338
C 100.923265717 337 338
C 149.081503559 337 338
C 151.928672523 337 338
C 92.3667577507 337 338
C 32.311938522 337 338
C 21.4423213079 337 338
C 60.0726645141 362 363
C 70.7632677272 362 363
C 82.8933194339 362 363
C 97.1384717152 362 363
C 108.371778435 362 363
C 105.714812751 362 363
C 91.9665485929 362 363
C 72.9622320273 362 363
C 58.9122188198 370 371
C 76.6993816905 370 371
C 101.017409631 370 371
C 123.244897656 370 371
C 132.947366875 370 371
C 92.3490776242 370 371
C 22.6728575505 370 371
C 8.09325148214 370 371
C 65.3832320797 395 396
C 75.8613232825 395 396
C 87.3452546366 395 396
C 104.476493109 395 396
C 118.036211746 395 396
C 112.016793117 395 396
C 87.3365567442 395 396
C 64.0476926905 395 396
C 46.1363439513 420 421
C 59.8071076287 420 421
C 80.1660621355 420 421
C 98.7177568085 420 421
C 106.175736881 420 421
C 96.1079663559 420 421
C 71.458459878 420 421
C 48.2967795896 420 421
C 49.8783178979 439 440
C 58.6800534753 439 440
C 75.8687138243 439 440
C 105.967214752 439 440
C 123.218547313 439 440
C 96.9211569303 439 440
C 48.7164140627 439 440
C 25.5058109088 439 440
C 30.7805179934 440 441
C 46.0117545955 440 441
C 85.8987494575 440 441
C 138.763060357 440 441
C 162.83118015 440 441
C 101.914501625 440 441
C 28.3477222875 440 441
C 17.4850615234 440 441
C 47.2011522616 456 457
C 57.6712343102 456 457
C 74.8805688223 456 457
C 94.5653008963 456 457
C 107.230566584 456 457
C 101.824042556 456 457
C 84.3234511321 456 457
C 68.0938930151 456 457
C 35.3703437987 471 472
C 53.4241456627 471 472
C 89.6093048335 471 472
C 128.270694193 471 472
C 143.729991807 471 472
C 119.735904268 471 472
C 62.0626018501 471 472
C 42.7870629941 471 472
C 64.4747051384 493 494
C 74.6854803978 493 494
C 86.1107642669 493 494
C 96.2482542748 493 494
C 101.199339088 493 494
C 91.6475767113 493 494
C 70.9954786783 493 494
C 49.9929475074 493 494
C 40.8334958529 495 496
C 55.4760075932 495 496
C 89.4719047569 495 496
C 132.706729008 495 496
C 159.336789356 495 496
C 101.0710048 495 496
C 19.6411099022 495 496
C 7.88443373547 495 496
C 64.7109836258 530 531
C 75.8856460063 530 531
C 88.895797476 530 531
C 101.939868842 530 531
C 110.308047859 530 531
C 103.011234074 530 531
C 84.6193610146 530 531
C 71.0280396735 530 531
C 23.0619545182 536 537
C 30.0040540797 536 537
C 51.2926382429 536 537
C 113.476105778 536 537
C 160.904262564 536 537
C 121.055270783 536 537
C 20.1077307372 536 537
C 6.25881423108 536 537
C 58.4727130307 546 547
C 69.771104626 546 547
C 83.2649357749 546 547
C 98.878790341 546 547
C 111.54605592 546 547
C 108.912262155 546 547
C 95.513994243 546 547
C 33.2314135993 546 547
C 162.218968247 687 688
C 166.917574189 687 688
C 169.773695777 687 688
C 172.109705932 687 688
C 173.965822348 687 688
C 172.582577907 687 688
C 165.693192158 687 688
C 150.71694563 687 688
C 60.1439682975 694 695
C 71.0571599847 694 695
C 83.9198853907 694 695
C 99.0649580218 694 695
C 108.303108686 694 695
C 102.910002966 694 695
C 88.9668650626 694 695
C 45.3022218801 694 695
C 171.656829099 687 688
C 173.939717618 687 688
C 175.270319529 687 688
C 175.955464933 687 688
C 176.066585353 687 688
C 174.752585439 687 688
C 171.34029551 687 688
C 162.23572432 687 688
