C 24.1936691534 90 91
C 34.5322800534 90 91
C 68.1704309956 90 91
C 122.619339759 90 91
C 122.147578727 90 91
C 102.128562574 90 91
C 75.0534075247 90 91
C 53.8392460211 90 91
C 61.2088751749 100 101
C 71.33638129 100 101
C 87.8982593777 100 101
C 113.114753758 100 101
C 122.915437044 100 101
C 106.894571918 100 101
C 68.0671589695 100 101
C 30.5605065575 100 101
C 65.7155629159 123 124
C 77.0024264862 123 124
C 88.8019270537 123 124
C 105.450863798 123 124
C 117.114251571 123 124
C 111.280378677 123 124
C 84.3276716033 123 124
C 59.134808872 123 124
C 8.3004363561 129 130
C 9.79165402139 129 130
C 99.2416009175 129 130
C 160.223616563 129 130
C 155.154692749 129 130
C 104.827915339 129 130
C 25.4230993243 129 130
C 14.6389603032 129 130
C 27.340638491 142 143
C 38.270371242 142 143
C 90.5384212568 142 143
C 150.301077125 142 143
C 163.674550174 142 143
C 134.863734093 142 143
C 47.4336230943 142 143
C 30.1373233358 142 143
C 8.85575908025 156 157
C 9.92316484517 156 157
C 54.9946592968 156 157
C 150.610654295 156 157
C 133.540105525 156 157
C 94.5073609629 156 157
C 60.1708040032 156 157
C 43.7378764807 156 157
C 59.7506463628 161 162
C 71.0995259028 161 162
C 84.8171192367 161 162
C 97.4524768109 161 162
C 103.92522988 161 162
C 100.136576581 161 162
C 87.9855117391 161 162
C 74.7549512189 161 162
C 50.4404464069 175 176
C 58.9077946193 175 176
C 76.4656387274 175 176
C 97.8253689884 175 176
C 101.652249861 175 176
C 81.8160687044 175 176
C 57.1069411016 175 176
C 38.0420669328 175 176
C 22.6898768705 193 194
C 38.9111743318 193 194
C 83.5859369106 193 194
C 134.567968186 193 194
C 157.147569456 193 194
C 161.123756814 193 194
C 29.6607285574 193 194
C 18.9875664687 193 194
C 61.1683226183 208 209
C 73.2107160275 208 209
C 85.2935939702 208 209
C 97.5606015384 208 209
C 102.234054215 208 209
C 90.7372826214 208 209
C 62.057028907 208 209
C 37.8403826736 208 209
C 28.0343286784 223 224
C 39.3813690053 223 224
C 99.1416280297 223 224
C 154.153655408 223 224
C 163.209318911 223 224
C 136.957622824 223 224
C 61.0254683313 223 224
C 38.1586043748 223 224
C 57.0358162513 241 242
C 65.5023214694 241 242
C 79.1385642064 241 242
C 95.0554891568 241 242
C 100.547696915 241 242
C 78.2696589491 241 242
C 52.3264815287 241 242
C 36.2044331138 241 242
C 5.54448990201 275 276
C 5.89604865236 275 276
C 6.29640121391 275 276
C 6.74012090179 275 276
C 144.509814747 275 276
C 125.384789157 275 276
C 41.9464596282 275 276
C 25.8136241631 275 276
C 66.9965940908 287 288
C 79.3619652765 287 288
C 101.36404741 287 288
C 124.05773572 287 288
C 134.212375106 287 288
C 98.3097935893 287 288
C 35.7326106317 287 288
C 19.8214693303 287 288
C 40.9109165634 295 296
C 52.2397867208 295 296
C 74.6533038383 295 296
C 108.731051012 295 296
C 130.936203298 295 296
C 121.562354742 295 296
C 44.8312774475 295 296
C 25.0381800224 295 296
C 11.2393947578 306 307
C 15.7196052937 306 307
C 43.682752089 306 307
C 166.673873807 306 307
C 156.492308435 306 307
C 78.2366236108 306 307
C 26.2891385386 306 307
C 18.5496463827 306 307
C 66.8187300659 310 311
C 87.0107914226 310 311
C 108.194235802 310 311
C 128.307160415 310 311
C 145.946498959 310 311
C 115.370448468 310 311
C 70.9776670417 310 311
C 50.2461866921 310 311
C 19.5296804384 332 333
C 23.8867658991 332 333
C 47.5386509587 332 333
C 121.781061454 332 333
C 125.299872547 332 333
C 109.753849595 332 333
C 95.7043130982 332 333
C 81.7970228655 332 333
C 53.9590450267 331 332
C 68.2218961347 331 332
C 97.757866362 331 332
C 133.291961941 331 332
C 150.476835218 331 332
C 128.516572066 331 332
C 50.3820853057 331 332
C 32.2142136924 331 332
C 9.2530617192 348 349
C 7.22943788814 348 349
C 106.892857884 348 349
C 150.870731206 348 349
C 136.67389084 348 349
C 87.3459860546 348 349
C 42.8952402668 348 349
C 29.4904334446 348 349
C 6.6123375115 362 363
C 15.5925181543 362 363
C 62.9867007885 362 363
C 131.748508819 362 363
C 145.896893384 362 363
C 130.696069309 362 363
C 25.5652490437 362 363
C 1.83562438839 362 363
C 67.4690114537 381 382
C 83.2249093532 381 382
C 102.190123058 381 382
C 121.727043033 381 382
C 139.878966583 381 382
C 135.653058299 381 382
C 51.1845382792 381 382
C 15.6815101108 381 382
C 67.4690114537 381 382
C 83.2249093532 381 382
C 102.190123058 381 382
C 121.727043033 381 382
C 139.878966583 381 382
C 135.653058299 381 382
C 51.1845382792 381 382
C 15.6815101108 381 382
C 42.7002089364 405 406
C 67.2019879287 405 406
C 100.114193044 405 406
C 125.164463685 405 406
C 131.638835844 405 406
C 105.073379576 405 406
C 42.6806396087 405 406
C 19.9888480721 405 406
C 54.5261871865 414 415
C 65.6057316577 414 415
C 85.1452687263 414 415
C 108.298885931 414 415
C 117.150481558 414 415
C 106.825850906 414 415
C 86.9179540568 414 415
C 72.9153641227 414 415
C 69.6880587165 428 429
C 79.191782219 428 429
C 89.0499224482 428 429
C 100.659308405 428 429
C 109.584389664 428 429
C 106.689534291 428 429
C 90.8487717629 428 429
C 73.231885138 428 429
C 60.0061557645 430 431
C 71.723223657 430 431
C 84.7897014484 430 431
C 98.0524777716 430 431
C 106.633575306 430 431
C 104.494348292 430 431
C 93.4069258351 430 431
C 80.7822913076 430 431
C 59.8979621318 454 455
C 70.8934535518 454 455
C 81.9727717439 454 455
C 91.4680353583 454 455
C 93.551023054 454 455
C 83.1819916687 454 455
C 64.4987116912 454 455
C 49.5919704337 454 455
C 20.9083410207 458 459
C 28.1093085321 458 459
C 61.3024222658 458 459
C 146.793979467 458 459
C 159.754263631 458 459
C 125.991973723 458 459
C 59.3155960405 458 459
C 38.5157975474 458 459
C 33.8156050081 491 492
C 50.7546506409 491 492
C 90.8277771579 491 492
C 147.295326331 491 492
C 149.909813746 491 492
C 113.942396392 491 492
C 82.0949805751 491 492
C 60.2846034023 491 492
C 40.4380286027 494 495
C 58.7304804645 494 495
C 92.1692062587 494 495
C 128.6530993 494 495
C 143.455519431 494 495
C 124.73021669 494 495
C 35.1191959348 494 495
C 20.2640264601 494 495
C 58.4851998899 506 507
C 68.2991373362 506 507
C 80.1654014597 506 507
C 95.5342074046 506 507
C 105.490516011 506 507
C 102.383537254 506 507
C 87.8745269714 506 507
C 74.982530079 506 507
C 68.2807561458 505 506
C 78.7763040551 505 506
C 90.2369416377 505 506
C 103.875572227 505 506
C 113.188145844 505 506
C 109.069481575 505 506
C 93.6036343458 505 506
C 78.6731344908 505 506
C 33.0579991639 524 525
C 43.0774568118 524 525
C 95.8298938678 524 525
C 156.009714612 524 525
C 137.089065075 524 525
C 107.099135895 524 525
C 78.7408102886 524 525
C 58.663154353 524 525
C 36.2916223512 526 527
C 46.5405885875 526 527
C 72.4986816371 526 527
C 143.791746246 526 527
C 155.233288135 526 527
C 122.122987972 526 527
C 97.2143475008 526 527
C 78.6366267123 526 527
C 39.1757432791 546 547
C 47.607300704 546 547
C 82.110293147 546 547
C 140.119917111 546 547
C 131.56742971 546 547
C 105.427573861 546 547
C 74.4016857782 546 547
C 50.0113957045 546 547
C 21.7811895349 555 556
C 32.8587720972 555 556
C 74.2925675741 555 556
C 134.683480348 555 556
C 148.879756249 555 556
C 113.665030337 555 556
C 61.2540293989 555 556
C 40.961080332 555 556
C 66.1858348912 564 565
C 77.4875325719 564 565
C 89.1196775179 564 565
C 103.148592559 564 565
C 110.562067598 564 565
C 98.2460936923 564 565
C 73.9653225997 564 565
C 55.2223732711 564 565
C 59.8086225204 565 566
C 76.3837880862 565 566
C 99.5976415984 565 566
C 123.459536974 565 566
C 144.511306635 565 566
C 127.420266488 565 566
C 31.4549049863 565 566
C 19.8231994563 565 566
C 67.4508665068 581 582
C 85.050420302 581 582
C 102.551119289 581 582
C 115.686147804 581 582
C 115.036050477 581 582
C 81.8813801553 581 582
C 40.1305123192 581 582
C 25.5196837905 581 582
C 25.1433230833 604 605
C 30.3910987354 604 605
C 67.7768358876 604 605
C 116.248076836 604 605
C 120.467526314 604 605
C 105.333607076 604 605
C 90.9319115298 604 605
C 76.710437182 604 605
C 34.4360428955 613 614
C 42.9467565537 613 614
C 67.7437148578 613 614
C 132.595811088 613 614
C 147.80020257 613 614
C 123.098387252 613 614
C 94.7191934884 613 614
C 75.1241732855 613 614
C 42.8168908694 614 615
C 57.7456104596 614 615
C 78.0358406931 614 615
C 101.044436136 614 615
C 113.94079953 614 615
C 106.771447453 614 615
C 84.2371438205 614 615
C 64.9853299139 614 615
C 21.9241112026 649 650
C 3.72697994209 649 650
C 2.1800453303 649 650
C 1.53352594267 649 650
C 1.18178883403 649 650
C 0.955872088358 649 650
C 0.800142512856 649 650
C 0.686101188755 649 650
C 48.90228506 109 110
C 61.3398402685 109 110
C 76.895630072 109 110
C 89.7734460527 109 110
C 91.7569846757 109 110
C 77.4238222966 109 110
C 57.2320101056 109 110
C 39.3116546265 109 110
C 1.94152734042 120 121
C 2.5993248701 120 121
C 3.91004743134 120 121
C 7.798234808 120 121
C 145.74374061 120 121
C 101.551211667 120 121
C 53.6907324451 120 121
C 34.327418014 120 121
C 31.1869264563 139 140
C 46.0372508044 139 140
C 9.68690888275 139 140
C 4.35817885533 139 140
C 4.20289934949 139 140
C 4.06491751694 139 140
C 3.94490317531 139 140
C 3.86111512063 139 140
C 9.55471868556 148 149
C 14.8151352671 148 149
C 70.4914466054 148 149
C 176.521899648 148 149
C 161.826158136 148 149
C 107.346864132 148 149
C 8.70167612993 148 149
C 4.55945160113 148 149
C 14.1240844787 161 162
C 17.6520734046 161 162
C 63.1257283255 161 162
C 0.80697101818 161 162
C 0.412155605983 161 162
C 0.27714344505 161 162
C 0.20780892816 161 162
C 0.210723136308 161 162
C 8.65215390382 175 176
C 47.1518091534 175 176
C 88.7170989838 175 176
C 144.26122976 175 176
C 170.358256823 175 176
C 148.890656096 175 176
C 52.589862779 175 176
C 33.0055254741 175 176
C 16.5835633997 179 180
C 23.5455402347 179 180
C 84.8710966173 179 180
C 169.638873461 179 180
C 176.198798096 179 180
C 126.026289897 179 180
C 35.0585642558 179 180
C 23.0846887244 179 180
C 62.6529019384 193 194
C 72.0945739021 193 194
C 82.0257355935 193 194
C 93.5100938947 193 194
C 103.491429525 193 194
C 102.373450055 193 194
C 87.4485675224 193 194
C 73.4275368433 193 194
C 35.6434327124 205 206
C 52.0394397873 205 206
C 85.0251585144 205 206
C 130.345162816 205 206
C 161.130717467 205 206
C 141.595735393 205 206
C 40.3071586236 205 206
C 14.3034137318 205 206
C 47.2002807963 211 212
C 66.1777221967 211 212
C 94.616089932 211 212
C 120.055386256 211 212
C 119.278900255 211 212
C 92.4695146193 211 212
C 67.5458465232 211 212
C 51.3060629776 211 212
C 14.1963922904 213 214
C 17.7170425501 213 214
C 62.4134490202 213 214
C 167.905818279 213 214
C 174.080216748 213 214
C 9.14585507616 213 214
C 4.51458681444 213 214
C 2.98681932864 213 214
C 66.9745187493 225 226
C 78.2659168992 225 226
C 88.8217885441 225 226
C 100.909904075 225 226
C 111.412015703 225 226
C 107.30725563 225 226
C 88.6137222954 225 226
C 67.311995593 225 226
C 177.092043196 243 244
C 178.170026285 243 244
C 178.788324287 243 244
C 179.212828927 243 244
C 179.64974872 243 244
C 179.894452112 243 244
C 179.249381724 243 244
C 177.939987954 243 244
C 50.0994396032 261 262
C 60.7122461521 261 262
C 82.4738442855 261 262
C 108.251629614 261 262
C 115.453091259 261 262
C 96.8152865705 261 262
C 69.1667901219 261 262
C 49.0179378497 261 262
C 29.1043546794 272 273
C 45.5128946347 272 273
C 82.9021836942 272 273
C 138.607434908 272 273
C 175.746665859 272 273
C 115.5172897 272 273
C 68.6801880181 272 273
C 52.2207276357 272 273
C 51.3938086184 279 280
C 68.1223887028 279 280
C 95.9084149194 279 280
C 129.789042263 279 280
C 162.912425737 279 280
C 110.536917315 279 280
C 36.0567868874 279 280
C 21.6806445461 279 280
C 22.9452369411 296 297
C 31.1546904939 296 297
C 64.4429659414 296 297
C 119.834257085 296 297
C 121.93822366 296 297
C 104.946932866 296 297
C 91.5020458671 296 297
C 79.22614773 296 297
C 64.4723771129 304 305
C 76.1476137684 304 305
C 89.8735469334 304 305
C 109.023587322 304 305
C 122.883620708 304 305
C 117.43350525 304 305
C 100.836951191 304 305
C 89.5907625788 304 305
C 53.4302393146 314 315
C 65.5605334196 314 315
C 82.4888506142 314 315
C 102.596206993 314 315
C 116.263854646 314 315
C 112.980156123 314 315
C 91.4117401784 314 315
C 70.4278651392 314 315
C 23.372894433 343 344
C 38.3826307066 343 344
C 91.6578581271 343 344
C 117.783648889 343 344
C 135.893341647 343 344
C 122.854833075 343 344
C 38.3910360266 343 344
C 22.9690181594 343 344
C 0.654708908015 394 395
C 0.816268158598 394 395
C 1.07982675952 394 395
C 1.58636349649 394 395
C 3.01186884092 394 395
C 113.714976713 394 395
C 98.4284388846 394 395
C 84.9239798298 394 395
C 23.7142325665 413 414
C 37.6951587738 413 414
C 83.276294657 413 414
C 135.833761326 413 414
C 135.574929185 413 414
C 112.528368336 413 414
C 87.4328785922 413 414
C 70.8147306663 413 414
C 62.1435631938 412 413
C 77.7873719382 412 413
C 99.0378186894 412 413
C 126.306809066 412 413
C 150.060660458 412 413
C 109.477095972 412 413
C 46.9006531407 412 413
C 25.100791907 412 413
C 44.2606815604 435 436
C 55.2781527989 435 436
C 81.2316688974 435 436
C 140.646295422 435 436
C 170.785281915 435 436
C 124.417280024 435 436
C 26.4667882672 435 436
C 8.73819984441 435 436
C 24.7323419224 443 444
C 36.8765077879 443 444
C 92.7504236283 443 444
C 170.153389619 443 444
C 172.257367384 443 444
C 153.154716215 443 444
C 49.808976074 443 444
C 24.1290700196 443 444
C 46.3165049699 458 459
C 57.7540655472 458 459
C 73.8866334251 458 459
C 98.9463304826 458 459
C 118.195193614 458 459
C 117.067692525 458 459
C 96.9619020671 458 459
C 77.394973997 458 459
C 46.3165049699 458 459
C 57.7540655472 458 459
C 73.8866334251 458 459
C 98.9463304826 458 459
C 118.195193614 458 459
C 117.067692525 458 459
C 96.9619020671 458 459
C 77.394973997 458 459
C 71.052290915 473 474
C 87.5667392783 473 474
C 108.001257658 473 474
C 136.068992638 473 474
C 156.30840153 473 474
C 117.042933303 473 474
C 68.4821053571 473 474
C 43.5589030252 473 474
C 22.6005155133 474 475
C 41.1787183951 474 475
C 75.4551720199 474 475
C 112.541037883 474 475
C 124.687039022 474 475
C 113.483869635 474 475
C 85.7240221335 474 475
C 62.0096524287 474 475
C 32.5265347907 484 485
C 44.1371384334 484 485
C 68.8490026465 484 485
C 99.9915798135 484 485
C 110.563336464 484 485
C 88.3425818252 484 485
C 65.1334586998 484 485
C 48.4798845738 484 485
C 47.0817729778 491 492
C 60.2299809023 491 492
C 79.6035436797 491 492
C 98.8392567584 491 492
C 110.782693865 491 492
C 110.491307198 491 492
C 102.817575984 491 492
C 88.8170857054 491 492
C 47.7256489855 500 501
C 58.4836414801 500 501
C 77.2775918801 500 501
C 108.753790465 500 501
C 127.191790437 500 501
C 118.827261752 500 501
C 96.5829188189 500 501
C 81.2170508793 500 501
C 55.93978885 499 500
C 67.2641752752 499 500
C 79.7971978463 499 500
C 96.3674646924 499 500
C 108.478375414 499 500
C 103.994373226 499 500
C 79.4819139205 499 500
C 55.0936654183 499 500
C 50.251274273 519 520
C 59.5782220508 519 520
C 78.171684208 519 520
C 107.156083756 519 520
C 121.462360628 519 520
C 87.1378158434 519 520
C 37.7114628064 519 520
C 18.0145951034 519 520
C 57.5585209947 524 525
C 73.9544122954 524 525
C 96.8010118442 524 525
C 117.630484257 524 525
C 120.908452814 524 525
C 109.127169346 524 525
C 81.9027611311 524 525
C 57.1436919907 524 525
C 31.8109344743 553 554
C 42.2350225611 553 554
C 104.371378907 553 554
C 134.693302884 553 554
C 122.484301235 553 554
C 94.920311292 553 554
C 70.1821141217 553 554
C 52.3267710245 553 554
C 50.5115588358 554 555
C 69.0797478687 554 555
C 95.6209534833 554 555
C 121.141279624 554 555
C 142.601012167 554 555
C 144.968760887 554 555
C 58.4209115392 554 555
C 33.0334816726 554 555
C 31.5909539652 574 575
C 43.1262234563 574 575
C 91.3886336521 574 575
C 149.875161839 574 575
C 135.784255801 574 575
C 107.37629645 574 575
C 83.6384878944 574 575
C 66.2873425627 574 575
C 57.0577470885 573 574
C 73.3572405613 573 574
C 99.2735729814 573 574
C 126.461348643 573 574
C 140.862721696 573 574
C 102.338311109 573 574
C 36.9173853657 573 574
C 23.0827457949 573 574
C 36.6155868072 579 580
C 52.1425677735 579 580
C 86.9156704553 579 580
C 129.438412499 579 580
C 140.729101571 579 580
C 118.595766839 579 580
C 87.3826056851 579 580
C 57.9979153935 579 580
C 24.5077064471 583 584
C 32.9775307981 583 584
C 67.7897866345 583 584
C 136.541772961 583 584
C 149.921635166 583 584
C 110.475566291 583 584
C 47.5303016412 583 584
C 33.1060871485 583 584
C 67.6528832214 592 593
C 78.5706395368 592 593
C 88.7547000665 592 593
C 101.524143175 592 593
C 111.180442874 592 593
C 101.301249408 592 593
C 71.2400272319 592 593
C 48.7808380517 592 593
C 56.9568332549 593 594
C 71.7487642884 593 594
C 97.4814094019 593 594
C 131.557696042 593 594
C 160.418555714 593 594
C 163.503693854 593 594
C 28.2996505845 593 594
C 6.49266113606 593 594
C 22.9758578172 609 610
C 33.1981861531 609 610
C 87.7125738591 609 610
C 139.442071342 609 610
C 139.952693419 609 610
C 119.56425545 609 610
C 91.2238351017 609 610
C 69.0058106777 609 610
C 17.8014074831 626 627
C 27.5915353294 626 627
C 51.9617512543 626 627
C 94.0063873745 626 627
C 115.84168013 626 627
C 112.755458676 626 627
C 97.5432690984 626 627
C 76.3683515345 626 627
C 41.5137721417 633 634
C 50.3026955015 633 634
C 82.0037880467 633 634
C 130.453018557 633 634
C 127.364849867 633 634
C 104.618881167 633 634
C 79.6326277955 633 634
C 57.7058074699 633 634
C 60.5236170124 640 641
C 73.8451420813 640 641
C 89.3568531932 640 641
C 106.159898049 640 641
C 117.297715112 640 641
C 112.145131587 640 641
C 92.558396503 640 641
C 71.7476293679 640 641
C 15.4092811331 665 666
C 21.1221224945 665 666
C 60.2697448856 665 666
C 157.665255832 665 666
C 166.714102384 665 666
C 101.972596803 665 666
C 10.2291230756 665 666
C 5.35555219538 665 666
C 48.6856580449 109 110
C 61.0716597043 109 110
C 76.4709512435 109 110
C 89.1887050161 109 110
C 90.9793938556 109 110
C 76.5015698029 109 110
C 56.4512542804 109 110
C 38.8578011312 109 110
C 46.5460669437 120 121
C 60.1672246607 120 121
C 85.680996466 120 121
C 122.836693679 120 121
C 148.690512008 120 121
C 116.655797031 120 121
C 58.8740052957 120 121
C 36.303532293 120 121
C 32.0519832395 139 140
C 46.727068314 139 140
C 101.369849214 139 140
C 156.420298423 139 140
C 167.478581788 139 140
C 148.220239165 139 140
C 58.7161235049 139 140
C 35.9487252617 139 140
C 9.71090713636 148 149
C 15.2342653098 148 149
C 67.2153659061 148 149
C 178.087277933 148 149
C 163.035863474 148 149
C 107.265355945 148 149
C 28.8767396764 148 149
C 17.3045206954 148 149
C 14.3282803584 161 162
C 17.7212323412 161 162
C 65.1343556621 161 162
C 163.310911758 161 162
C 167.745792402 161 162
C 135.814169762 161 162
C 44.5071315391 161 162
C 27.8543818213 161 162
C 32.5232165156 175 176
C 46.4594241665 175 176
C 88.0758919203 175 176
C 145.554685484 175 176
C 171.031460939 175 176
C 146.806216276 175 176
C 50.4603214418 175 176
C 31.7657961885 175 176
C 18.2363223545 179 180
C 26.5751267072 179 180
C 87.732651578 179 180
C 167.456215288 179 180
C 177.285275743 179 180
C 126.133426499 179 180
C 34.295039764 179 180
C 22.5957631625 179 180
C 62.689154415 193 194
C 72.0640975112 193 194
C 81.8249228203 193 194
C 93.0696781182 193 194
C 103.061805629 193 194
C 102.223652314 193 194
C 87.5113800902 193 194
C 73.5275133362 193 194
C 17.3178440672 213 214
C 26.2250658115 213 214
C 67.0133792678 213 214
C 142.249826742 213 214
C 159.904618808 213 214
C 133.418109678 213 214
C 41.23189425 213 214
C 25.324948917 213 214
C 66.7925701956 225 226
C 78.0587988415 225 226
C 88.635958509 225 226
C 100.805971666 225 226
C 111.4823509 225 226
C 107.571801624 225 226
C 89.165267797 225 226
C 68.0419413226 225 226
C 22.9326804835 243 244
C 33.1499257464 243 244
C 93.4095492106 243 244
C 151.457174318 243 244
C 161.56382061 243 244
C 135.632384423 243 244
C 48.0901719698 243 244
C 28.9162456792 243 244
C 57.2413730905 261 262
C 66.1302414045 261 262
C 79.3640588399 261 262
C 95.9066174949 261 262
C 105.010154538 261 262
C 88.7050425138 261 262
C 61.2285473842 261 262
C 41.2789635588 261 262
C 27.0214663762 272 273
C 45.7406534878 272 273
C 85.8750474205 272 273
C 128.715612992 272 273
C 155.72369393 272 273
C 117.307719594 272 273
C 64.6300061216 272 273
C 48.9609544124 272 273
C 50.428354668 279 280
C 66.9532148771 279 280
C 94.7670145315 279 280
C 128.967250848 279 280
C 161.629338959 279 280
C 109.804182513 279 280
C 33.7670903597 279 280
C 20.4439154925 279 280
C 55.7340742693 297 298
C 67.693939255 297 298
C 81.8977835433 297 298
C 97.4501364898 297 298
C 108.131937761 297 298
C 106.540326161 297 298
C 93.5584756312 297 298
C 76.7620250968 297 298
C 64.0640253619 304 305
C 76.0628130523 304 305
C 90.1505453499 304 305
C 109.595576692 304 305
C 123.360723076 304 305
C 117.630543476 304 305
C 100.934775491 304 305
C 89.7099748123 304 305
C 15.0799361594 313 314
C 26.7582708138 313 314
C 59.6418436488 313 314
C 97.9632035795 313 314
C 114.965909743 313 314
C 110.189008693 313 314
C 94.1424013863 313 314
C 74.4013076349 313 314
C 60.4995500893 321 322
C 76.3775923684 321 322
C 100.538921324 321 322
C 126.942211222 321 322
C 137.867841425 321 322
C 86.2871585995 321 322
C 20.7778770511 321 322
C 8.74655667726 321 322
C 45.2942335717 325 326
C 62.3236409939 325 326
C 90.3764333854 325 326
C 118.259377805 325 326
C 133.668081566 325 326
C 116.763897532 325 326
C 49.2690985955 325 326
C 29.8611830826 325 326
C 56.2681476112 335 336
C 69.0464863988 335 336
C 84.4913593162 335 336
C 107.94074701 335 336
C 125.021349695 335 336
C 120.455371469 335 336
C 100.469135934 335 336
C 85.6797830098 335 336
C 58.6554364224 334 335
C 69.9036162583 334 335
C 82.8850798755 334 335
C 102.146179559 334 335
C 121.033957641 334 335
C 123.128317461 334 335
C 101.934925325 334 335
C 80.3816778255 334 335
C 36.1959640062 348 349
C 54.7422065439 348 349
C 90.9650643195 348 349
C 129.78961604 348 349
C 146.760205386 348 349
C 123.392323864 348 349
C 56.4853519913 348 349
C 36.948864291 348 349
C 32.2815379047 393 394
C 48.4939129122 393 394
C 82.2306929298 393 394
C 128.060124747 393 394
C 159.466067609 393 394
C 141.382139158 393 394
C 56.7459303278 393 394
C 39.4761729121 393 394
C 23.7656754183 413 414
C 37.2712576253 413 414
C 81.7321012201 413 414
C 135.271198661 413 414
C 135.240564345 413 414
C 111.988806331 413 414
C 86.3940730701 413 414
C 69.5309979975 413 414
C 62.8132910861 412 413
C 78.4114852167 412 413
C 99.3287284432 412 413
C 125.958227191 412 413
C 149.849007826 412 413
C 111.166221032 412 413
C 47.4919249678 412 413
C 25.2415173769 412 413
C 44.8149473987 435 436
C 55.9981685073 435 436
C 82.1988842844 435 436
C 140.550583818 435 436
C 170.655119863 435 436
C 125.385990976 435 436
C 24.1585029781 435 436
C 5.71137611331 435 436
C 17.1434643865 443 444
C 26.8652403547 443 444
C 68.5827705976 443 444
C 157.670594531 443 444
C 172.861715238 443 444
C 174.996536033 443 444
C 17.8618094416 443 444
C 12.712183035 443 444
C 46.9560850844 458 459
C 58.4042709349 458 459
C 74.483562434 458 459
C 99.5400144142 458 459
C 118.582168661 458 459
C 116.665288164 458 459
C 97.0992573204 458 459
C 78.292755485 458 459
C 46.9560850844 458 459
C 58.4042709349 458 459
C 74.483562434 458 459
C 99.5400144142 458 459
C 118.582168661 458 459
C 116.665288164 458 459
C 97.0992573204 458 459
C 78.292755485 458 459
C 69.987968856 473 474
C 86.5164197349 473 474
C 106.789322918 473 474
C 134.210245317 473 474
C 153.970058965 473 474
C 117.538353507 473 474
C 68.6459630213 473 474
C 43.2785511221 473 474
C 23.6363329432 474 475
C 41.5005275626 474 475
C 75.0468141772 474 475
C 112.878440038 474 475
C 125.548764295 474 475
C 114.305892386 474 475
C 86.5812625309 474 475
C 62.907594531 474 475
C 31.8117899786 484 485
C 43.2692944929 484 485
C 67.512474806 484 485
C 98.7810956199 484 485
C 110.998901599 484 485
C 89.8660524956 484 485
C 66.6739233517 484 485
C 49.8319902078 484 485
C 78.472961592 493 494
C 90.2516450156 493 494
C 99.6284122545 493 494
C 110.022657815 493 494
C 116.092996187 493 494
C 108.724183851 493 494
C 91.6104753428 493 494
C 73.7026168585 493 494
C 47.9414544736 500 501
C 58.6852467783 500 501
C 77.358905662 500 501
C 108.801041578 500 501
C 127.438371954 500 501
C 119.064453627 500 501
C 96.8156338986 500 501
C 81.5227464533 500 501
C 55.8209430603 499 500
C 67.2475657969 499 500
C 79.8788214673 499 500
C 96.360496068 499 500
C 108.208630808 499 500
C 103.827697671 499 500
C 79.5478254305 499 500
C 55.1052985694 499 500
C 49.8895425047 519 520
C 59.1730454926 519 520
C 77.9843555626 519 520
C 107.575652718 519 520
C 121.676108113 519 520
C 85.9058874003 519 520
C 37.2179499632 519 520
C 18.0966646789 519 520
C 57.484062345 524 525
C 73.5739611155 524 525
C 95.8546455472 524 525
C 115.745444047 524 525
C 118.643075228 524 525
C 106.914846085 524 525
C 81.1282906785 524 525
C 57.2468864699 524 525
C 29.3731756346 553 554
C 37.9474872928 553 554
C 95.4999147341 553 554
C 129.243244219 553 554
C 121.327216282 553 554
C 95.029625018 553 554
C 70.42809187 553 554
C 52.4869954545 553 554
C 50.2113156859 554 555
C 68.3316463858 554 555
C 95.085257138 554 555
C 120.800541321 554 555
C 142.248967852 554 555
C 145.137098407 554 555
C 57.3737379233 554 555
C 32.1296198412 554 555
C 33.634789665 574 575
C 45.3267329458 574 575
C 99.1878382106 574 575
C 152.397740901 574 575
C 139.068649717 574 575
C 111.458686968 574 575
C 85.5641248836 574 575
C 65.8843709045 574 575
C 56.1300175245 573 574
C 72.5425892079 573 574
C 97.1692449918 573 574
C 121.351419665 573 574
C 133.990262301 573 574
C 90.0889692376 573 574
C 30.9962064154 573 574
C 20.1126455518 573 574
C 15.5486892787 579 580
C 26.189650329 579 580
C 77.3517594236 579 580
C 135.844224864 579 580
C 140.367881242 579 580
C 118.206206518 579 580
C 87.5778717024 579 580
C 66.2360027559 579 580
C 58.8376719623 593 594
C 73.9314251858 593 594
C 98.9817241131 593 594
C 129.826559715 593 594
C 156.869110159 593 594
C 162.850810263 593 594
C 29.9650141763 593 594
C 10.5697750147 593 594
C 18.2691853882 609 610
C 23.067171937 609 610
C 42.0453057168 609 610
C 126.137137513 609 610
C 124.580620159 609 610
C 103.457573666 609 610
C 80.9196518289 609 610
C 63.6102368437 609 610
C 16.0719015275 626 627
C 26.0414235935 626 627
C 52.9675228188 626 627
C 96.457604686 626 627
C 115.608021487 626 627
C 110.539972054 626 627
C 93.2347261686 626 627
C 70.054563815 626 627
C 48.7212277 634 635
C 63.0235146247 634 635
C 85.7465136833 634 635
C 115.57986236 634 635
C 133.227461902 634 635
C 119.783325247 634 635
C 92.2802207851 634 635
C 67.5974086329 634 635
C 59.9940996651 640 641
C 73.1572951597 640 641
C 88.4940943138 640 641
C 105.17713839 640 641
C 116.516948052 640 641
C 111.81701697 640 641
C 92.2675970075 640 641
C 71.1240903075 640 641
C 24.2291234273 665 666
C 32.8040976425 665 666
C 86.8532822161 665 666
C 158.501720981 665 666
C 160.405018289 665 666
C 77.3969180565 665 666
C 18.0075005335 665 666
C 9.50333297256 665 666
C 40.7498237398 89 90
C 53.7790104348 89 90
C 79.1436354211 89 90
C 119.629721782 89 90
C 132.552300749 89 90
C 108.905712423 89 90
C 73.4595761919 89 90
C 47.8629150018 89 90
C 62.9574631008 100 101
C 73.2131923537 100 101
C 89.764096072 100 101
C 114.131150186 100 101
C 120.657799676 100 101
C 102.238020564 100 101
C 69.6649621269 100 101
C 39.7156912785 100 101
C 64.9131633125 123 124
C 76.1318195743 123 124
C 87.9024868634 123 124
C 104.673835331 123 124
C 116.606862873 123 124
C 111.06936436 123 124
C 84.4677172447 123 124
C 59.4159051333 123 124
C 8.42816192962 129 130
C 10.4409528045 129 130
C 97.4854493966 129 130
C 159.25894172 129 130
C 154.949994764 129 130
C 105.10736013 129 130
C 25.3321498674 129 130
C 14.6101327648 129 130
C 27.4010882139 142 143
C 38.5742279455 142 143
C 92.078026758 142 143
C 150.886079452 142 143
C 163.759328288 142 143
C 135.879966662 142 143
C 47.6838259683 142 143
C 29.9913011048 142 143
C 9.34863400704 156 157
C 9.956707561 156 157
C 51.6655288659 156 157
C 150.511740293 156 157
C 133.346895907 156 157
C 94.4892345889 156 157
C 60.31221947 156 157
C 43.8186452141 156 157
C 59.9225573839 161 162
C 71.2815801183 161 162
C 85.0205780986 161 162
C 97.6604990754 161 162
C 104.1311919 161 162
C 100.21824809 161 162
C 87.9015931033 161 162
C 74.5235448058 161 162
C 48.9657968262 176 177
C 63.9682265833 176 177
C 89.7784978112 176 177
C 119.495070666 176 177
C 131.780191437 176 177
C 115.429745321 176 177
C 85.5403954869 176 177
C 59.0646685902 176 177
C 20.7835280076 193 194
C 30.0837058139 193 194
C 70.6556297235 193 194
C 145.065059895 193 194
C 160.967731466 193 194
C 144.319695361 193 194
C 36.8825188925 193 194
C 21.8022974179 193 194
C 66.6014398532 206 207
C 76.7892722709 206 207
C 87.391301986 206 207
C 101.237744033 206 207
C 112.631428441 206 207
C 111.244266331 206 207
C 95.8344354212 206 207
C 79.2220565556 206 207
C 29.3339918155 223 224
C 41.4740029123 223 224
C 99.6726922894 223 224
C 152.458008273 223 224
C 160.221700165 223 224
C 130.090192532 223 224
C 62.0100893934 223 224
C 40.3306897155 223 224
C 57.5247148697 241 242
C 65.9996975545 241 242
C 79.6297281268 241 242
C 95.3481788416 241 242
C 100.426566687 241 242
C 77.5918118034 241 242
C 51.4510901906 241 242
C 35.460199238 241 242
C 31.2212012486 275 276
C 42.7332242673 275 276
C 75.6466012662 275 276
C 123.418083771 275 276
C 144.640997389 275 276
C 124.421980152 275 276
C 43.1994380134 275 276
C 26.614022891 275 276
C 62.7649893546 287 288
C 71.1708756948 287 288
C 86.6022594459 287 288
C 101.44286541 287 288
C 104.443771403 287 288
C 82.7430401403 287 288
C 56.1472955157 287 288
C 37.5053877935 287 288
C 33.3878006756 295 296
C 42.9658749561 295 296
C 64.459498143 295 296
C 104.730349122 295 296
C 129.358818783 295 296
C 118.524916562 295 296
C 66.180371603 295 296
C 35.8031048221 295 296
C 15.4182009034 306 307
C 22.7760077321 306 307
C 55.1080805855 306 307
C 169.74834142 306 307
C 160.497956322 306 307
C 104.391416942 306 307
C 32.936608203 306 307
C 20.6461307493 306 307
C 41.4034336516 311 312
C 56.4316478511 311 312
C 92.5334887424 311 312
C 113.83475722 311 312
C 113.436620238 311 312
C 100.327105078 311 312
C 83.0778990587 311 312
C 69.8227948822 311 312
C 21.0822466205 332 333
C 25.3280493807 332 333
C 48.7435598632 332 333
C 123.86032457 332 333
C 126.182302426 332 333
C 109.487056451 332 333
C 95.0914672442 332 333
C 81.3487112645 332 333
C 54.1864266746 331 332
C 69.8175646381 331 332
C 98.4370227763 331 332
C 131.147009817 331 332
C 148.601970323 331 332
C 127.005696404 331 332
C 47.4067572332 331 332
C 29.934823016 331 332
C 54.4640281614 345 346
C 65.9520427522 345 346
C 79.3956600421 345 346
C 95.6240358822 345 346
C 102.021840108 345 346
C 93.6894071091 345 346
C 75.4479278455 345 346
C 64.2651406275 345 346
C 6.14427024826 362 363
C 16.0746153947 362 363
C 86.2279849694 362 363
C 151.169209163 362 363
C 161.88262837 362 363
C 151.052737648 362 363
C 4.92405608603 362 363
C 3.48575424604 362 363
C 67.3678020971 381 382
C 83.9297894603 381 382
C 103.091168891 381 382
C 122.022225485 381 382
C 141.570098377 381 382
C 149.7336658 381 382
C 36.2656399657 381 382
C 12.8899459293 381 382
C 67.3678020971 381 382
C 83.9297894603 381 382
C 103.091168891 381 382
C 122.022225485 381 382
C 141.570098377 381 382
C 149.7336658 381 382
C 36.2656399657 381 382
C 12.8899459293 381 382
C 40.6576272691 405 406
C 64.2817177601 405 406
C 96.3002876277 405 406
C 120.844650998 405 406
C 125.119467565 405 406
C 95.5811637707 405 406
C 37.1171639904 405 406
C 17.706397855 405 406
C 54.4372378665 415 416
C 67.4640944495 415 416
C 82.3630402502 415 416
C 95.4756374694 415 416
C 102.824211665 415 416
C 99.4379775662 415 416
C 88.3540259103 415 416
C 73.8312679439 415 416
C 69.9719062326 428 429
C 79.4508182797 428 429
C 89.2312385155 428 429
C 100.727926615 428 429
C 109.459026226 428 429
C 106.566139951 428 429
C 91.0428790813 428 429
C 73.7839085311 428 429
C 59.8950581666 430 431
C 71.5435370554 430 431
C 84.553328407 430 431
C 97.8325420623 430 431
C 106.548059987 430 431
C 104.535449729 430 431
C 93.3446090886 430 431
C 80.4858531444 430 431
C 59.9374116234 454 455
C 70.9954766574 454 455
C 82.2902425543 454 455
C 92.1823280856 454 455
C 94.4327023088 454 455
C 84.0080096814 454 455
C 65.1265649369 454 455
C 50.0386304662 454 455
C 20.7627414729 458 459
C 27.905431612 458 459
C 61.3959997404 458 459
C 146.878876274 458 459
C 159.379314664 458 459
C 127.123711599 458 459
C 61.0777397008 458 459
C 39.3928035143 458 459
C 32.6075781505 491 492
C 48.0587709616 491 492
C 93.4224682853 491 492
C 148.404990855 491 492
C 153.518825139 491 492
C 115.391600608 491 492
C 75.670387272 491 492
C 48.8197676658 491 492
C 36.3926254597 494 495
C 54.1168467705 494 495
C 90.7214572429 494 495
C 135.244167499 494 495
C 157.372965003 494 495
C 144.807618683 494 495
C 40.9742146883 494 495
C 24.3710198939 494 495
C 58.9048505969 506 507
C 68.8208883169 506 507
C 80.7844371949 506 507
C 96.1598569019 506 507
C 105.742813727 506 507
C 102.37368382 506 507
C 87.9217214093 506 507
C 75.2134063943 506 507
C 67.6652791807 505 506
C 78.1244898927 505 506
C 89.5643513798 505 506
C 103.168373196 505 506
C 112.408375325 505 506
C 108.272425209 505 506
C 92.8194491774 505 506
C 77.9436798519 505 506
C 33.1976916718 524 525
C 43.4346427409 524 525
C 96.9747188892 524 525
C 157.297721388 524 525
C 137.303788474 524 525
C 107.354172601 524 525
C 79.3581394749 524 525
C 59.3791425947 524 525
C 36.2741322639 526 527
C 46.4113375829 526 527
C 72.1827033061 526 527
C 144.25369697 526 527
C 155.398980974 526 527
C 122.169954742 526 527
C 97.2279620035 526 527
C 78.6621611356 526 527
C 54.5870227988 546 547
C 67.9671869283 546 547
C 92.6936392698 546 547
C 123.631803488 546 547
C 125.861697713 546 547
C 102.584977923 546 547
C 73.2016099349 546 547
C 47.3157519635 546 547
C 21.8872010449 555 556
C 33.3509821424 555 556
C 74.5090838715 555 556
C 133.716580455 555 556
C 148.385528634 555 556
C 114.134638397 555 556
C 61.6065486059 555 556
C 41.0481202628 555 556
C 66.2367796774 564 565
C 77.5585747257 564 565
C 89.148187232 564 565
C 103.038355226 564 565
C 110.275617715 564 565
C 97.8622546886 564 565
C 73.5672258217 564 565
C 54.8954341698 564 565
C 59.8242117215 565 566
C 76.4314163469 565 566
C 99.7760972569 565 566
C 123.652220424 565 566
C 144.564794646 565 566
C 128.950534701 565 566
C 31.1227683699 565 566
C 19.6899169412 565 566
C 68.1550739831 581 582
C 86.9007091557 581 582
C 104.970412975 581 582
C 120.857388473 581 582
C 120.16695512 581 582
C 65.6294486982 581 582
C 28.7530459723 581 582
C 19.4627206272 581 582
C 24.0894159669 604 605
C 29.6481332962 604 605
C 61.6883096995 604 605
C 119.954398799 604 605
C 121.462032224 604 605
C 105.396248261 604 605
C 90.9357346626 604 605
C 76.7861970862 604 605
C 34.880003328 613 614
C 44.6716918645 613 614
C 76.6874165271 613 614
C 134.746686073 613 614
C 141.054086495 613 614
C 120.706950659 613 614
C 93.8564537817 613 614
C 74.4636381759 613 614
C 41.4686897656 614 615
C 56.0933553668 614 615
C 76.3364747236 614 615
C 99.7470667862 614 615
C 112.934524317 614 615
C 106.70115138 614 615
C 84.5013500742 614 615
C 65.5366564431 614 615
