Ca 32.6026405944 90 91
Ca 58.9905106001 90 91
Ca 107.540572138 90 91
Ca 165.828200173 90 91
Ca 152.529845639 90 91
Ca 116.809581525 90 91
Ca 87.8434226107 90 91
Ca 67.0664046646 90 91
Ca 78.3830662554 100 101
Ca 92.9040712891 100 101
Ca 108.572330662 100 101
Ca 121.524487639 100 101
Ca 121.740633656 100 101
Ca 100.239565204 100 101
Ca 72.4312611946 100 101
Ca 52.2359585415 100 101
Ca 77.9511363444 123 124
Ca 90.4863102926 123 124
Ca 100.233340899 123 124
Ca 102.597545543 123 124
Ca 100.26185832 123 124
Ca 90.9849465942 123 124
Ca 73.8040851506 123 124
Ca 55.8251103827 123 124
Ca 48.0376534557 129 130
Ca 67.1222380571 129 130
Ca 107.322989591 129 130
Ca 149.898285384 129 130
Ca 150.73705304 129 130
Ca 101.08499176 129 130
Ca 51.3085721565 129 130
Ca 32.5099063448 129 130
Ca 44.6035132382 142 143
Ca 63.8441949842 142 143
Ca 97.1639541327 142 143
Ca 126.192133148 142 143
Ca 133.68568909 142 143
Ca 109.184730469 142 143
Ca 67.5700117552 142 143
Ca 47.1023774278 142 143
Ca 50.5311082347 156 157
Ca 69.2901670718 156 157
Ca 108.038564208 156 157
Ca 149.625333732 156 157
Ca 138.643461935 156 157
Ca 99.3761664539 156 157
Ca 64.1418162329 156 157
Ca 45.3569756314 156 157
Ca 61.1189871411 161 162
Ca 74.9392251631 161 162
Ca 88.5357373647 161 162
Ca 97.5602681316 161 162
Ca 100.317389251 161 162
Ca 95.8857599897 161 162
Ca 87.0092392873 161 162
Ca 74.1984795566 161 162
Ca 80.6464107135 175 176
Ca 95.3371894575 175 176
Ca 111.231589276 175 176
Ca 126.639510375 175 176
Ca 123.787962685 175 176
Ca 101.92350598 175 176
Ca 75.8392379394 175 176
Ca 56.1090046355 175 176
Ca 48.4678533583 193 194
Ca 68.8472118128 193 194
Ca 96.4271141359 193 194
Ca 113.915261348 193 194
Ca 118.228021775 193 194
Ca 101.845514765 193 194
Ca 69.4027752807 193 194
Ca 48.1487633002 193 194
Ca 76.6032954957 208 209
Ca 91.4379810447 208 209
Ca 101.840921838 208 209
Ca 104.355110123 208 209
Ca 98.853616847 208 209
Ca 90.3393347322 208 209
Ca 74.3617333648 208 209
Ca 56.5115850649 208 209
Ca 38.6557634765 223 224
Ca 57.8149976826 223 224
Ca 99.6113599362 223 224
Ca 131.435654139 223 224
Ca 138.067260553 223 224
Ca 108.560998315 223 224
Ca 61.6802770551 223 224
Ca 43.8958136192 223 224
Ca 76.9910995893 241 242
Ca 91.0788749618 241 242
Ca 102.983930334 241 242
Ca 111.101666045 241 242
Ca 108.722293929 241 242
Ca 90.2219666713 241 242
Ca 66.9743537371 241 242
Ca 51.2982687658 241 242
Ca 9.7547325111 275 276
Ca 10.1917815958 275 276
Ca 10.5762636196 275 276
Ca 11.0177913063 275 276
Ca 11.5097324509 275 276
Ca 99.426515985 275 276
Ca 70.7797233251 275 276
Ca 51.0453404544 275 276
Ca 84.5942918642 287 288
Ca 96.3955372064 287 288
Ca 111.930213628 287 288
Ca 126.285933583 287 288
Ca 123.378040442 287 288
Ca 95.0010174336 287 288
Ca 63.2839015719 287 288
Ca 43.9682221787 287 288
Ca 60.5557186491 295 296
Ca 79.8223752227 295 296
Ca 103.038101361 295 296
Ca 123.811702866 295 296
Ca 130.473646358 295 296
Ca 106.966741582 295 296
Ca 71.8763058235 295 296
Ca 50.7774550443 295 296
Ca 51.7992625999 306 307
Ca 70.9162301677 306 307
Ca 104.075254489 306 307
Ca 140.061067584 306 307
Ca 140.249849257 306 307
Ca 98.7972750932 306 307
Ca 58.1734894226 306 307
Ca 37.6339791846 306 307
Ca 60.146043345 310 311
Ca 76.4005567778 310 311
Ca 95.0030464772 310 311
Ca 102.464415701 310 311
Ca 98.0022771953 310 311
Ca 83.6940755539 310 311
Ca 57.678174176 310 311
Ca 42.4531774089 310 311
Ca 37.4637610337 332 333
Ca 56.9340088329 332 333
Ca 88.4494736135 332 333
Ca 118.04451376 332 333
Ca 118.420736405 332 333
Ca 104.864017906 332 333
Ca 88.560700443 332 333
Ca 75.6181964416 332 333
Ca 80.4024396497 331 332
Ca 94.2892591948 331 332
Ca 111.278294669 331 332
Ca 127.587783398 331 332
Ca 121.046074541 331 332
Ca 95.5288680898 331 332
Ca 61.4711462069 331 332
Ca 43.9160703936 331 332
Ca 59.5873486136 348 349
Ca 78.122145008 348 349
Ca 109.674272828 348 349
Ca 149.983230774 348 349
Ca 149.009590963 348 349
Ca 103.134699909 348 349
Ca 63.9355024852 348 349
Ca 43.2328832695 348 349
Ca 17.0529010216 362 363
Ca 38.1836462814 362 363
Ca 92.779732406 362 363
Ca 117.644877276 362 363
Ca 114.056044768 362 363
Ca 99.7813131023 362 363
Ca 70.1030510274 362 363
Ca 44.3267310692 362 363
Ca 74.1991430906 381 382
Ca 87.6372975479 381 382
Ca 104.379669229 381 382
Ca 114.210803501 381 382
Ca 108.450738274 381 382
Ca 92.3492890287 381 382
Ca 62.756356191 381 382
Ca 39.8265267568 381 382
Ca 74.1991430906 381 382
Ca 87.6372975479 381 382
Ca 104.379669229 381 382
Ca 114.210803501 381 382
Ca 108.450738274 381 382
Ca 92.3492890287 381 382
Ca 62.756356191 381 382
Ca 39.8265267568 381 382
Ca 43.9365734319 405 406
Ca 66.5045579226 405 406
Ca 94.4979520808 405 406
Ca 104.775279236 405 406
Ca 102.437199871 405 406
Ca 89.7792250082 405 406
Ca 69.1888516132 405 406
Ca 48.8359363446 405 406
Ca 76.2342846803 414 415
Ca 92.068395551 414 415
Ca 107.403932502 414 415
Ca 120.957279289 414 415
Ca 120.219323017 414 415
Ca 101.266081029 414 415
Ca 80.4644016384 414 415
Ca 65.5069372151 414 415
Ca 78.272030369 428 429
Ca 90.1699726728 428 429
Ca 98.7231698678 428 429
Ca 101.662178103 428 429
Ca 99.8503070959 428 429
Ca 94.7136409734 428 429
Ca 82.1531548297 428 429
Ca 67.1383801534 428 429
Ca 69.9452052312 430 431
Ca 83.704769109 430 431
Ca 95.0818314998 430 431
Ca 101.655589666 430 431
Ca 101.156009392 430 431
Ca 98.2935899666 430 431
Ca 90.0123607353 430 431
Ca 77.4632691294 430 431
Ca 75.9713294215 454 455
Ca 89.8673613876 454 455
Ca 99.3189551251 454 455
Ca 101.858303591 454 455
Ca 97.0463491871 454 455
Ca 90.2292534749 454 455
Ca 77.7059373331 454 455
Ca 63.2518003042 454 455
Ca 53.2575193665 458 459
Ca 71.271484563 458 459
Ca 100.568470223 458 459
Ca 126.092843415 458 459
Ca 127.763738913 458 459
Ca 104.693972823 458 459
Ca 71.9699607366 458 459
Ca 53.8652385562 458 459
Ca 51.8782217245 491 492
Ca 74.8355571776 491 492
Ca 114.220433091 491 492
Ca 154.377972142 491 492
Ca 153.927899508 491 492
Ca 111.137063504 491 492
Ca 83.354889983 491 492
Ca 64.9296615695 491 492
Ca 38.2040283414 494 495
Ca 60.9409152605 494 495
Ca 100.494762729 494 495
Ca 133.620524508 494 495
Ca 133.128972756 494 495
Ca 105.258509511 494 495
Ca 72.6234727477 494 495
Ca 52.028665383 494 495
Ca 75.7530964013 506 507
Ca 89.3476713124 506 507
Ca 100.235670625 506 507
Ca 106.328297367 506 507
Ca 106.214326347 506 507
Ca 100.126677609 506 507
Ca 88.1277783223 506 507
Ca 73.8666363267 506 507
Ca 76.4904911513 505 506
Ca 88.3136850316 505 506
Ca 97.2174966418 505 506
Ca 100.913311913 505 506
Ca 99.4069087548 505 506
Ca 95.6214260339 505 506
Ca 85.4563720322 505 506
Ca 71.1355656618 505 506
Ca 64.8842357383 524 525
Ca 82.2810669179 524 525
Ca 111.641767394 524 525
Ca 152.752335127 524 525
Ca 146.524920678 524 525
Ca 106.289872467 524 525
Ca 76.3254946205 524 525
Ca 58.2355824653 524 525
Ca 61.3498934665 526 527
Ca 81.1406139791 526 527
Ca 111.89619382 526 527
Ca 150.088615491 526 527
Ca 145.873949509 526 527
Ca 113.542770599 526 527
Ca 87.5945827539 526 527
Ca 71.3469040035 526 527
Ca 60.3889627201 546 547
Ca 76.0522905101 546 547
Ca 98.9802450829 546 547
Ca 123.376954104 546 547
Ca 125.007758443 546 547
Ca 103.124049467 546 547
Ca 77.8544580515 546 547
Ca 60.9100360882 546 547
Ca 44.1201191522 555 556
Ca 65.329222786 555 556
Ca 95.5330548394 555 556
Ca 116.677141174 555 556
Ca 119.105667492 555 556
Ca 98.3860128966 555 556
Ca 69.0696795847 555 556
Ca 52.1842058081 555 556
Ca 78.3391994712 564 565
Ca 91.6591442706 564 565
Ca 101.618590492 564 565
Ca 103.762166792 564 565
Ca 101.223634912 564 565
Ca 90.2467124995 564 565
Ca 74.2465246004 564 565
Ca 59.3315836422 564 565
Ca 75.1562460908 565 566
Ca 89.4669100221 565 566
Ca 107.098214901 565 566
Ca 116.627789531 565 566
Ca 109.712927353 565 566
Ca 91.0547223673 565 566
Ca 57.1830710106 565 566
Ca 36.9500101847 565 566
Ca 61.9704894707 581 582
Ca 78.8085140198 581 582
Ca 94.3414180736 581 582
Ca 100.502851183 581 582
Ca 92.9684663526 581 582
Ca 71.3599311056 581 582
Ca 45.6513709187 581 582
Ca 29.7656056595 581 582
Ca 43.9124709576 604 605
Ca 61.2521904047 604 605
Ca 89.3890981343 604 605
Ca 120.766849423 604 605
Ca 120.906754369 604 605
Ca 105.78461185 604 605
Ca 86.6299535517 604 605
Ca 72.830281392 604 605
Ca 66.6128123378 613 614
Ca 82.3876716517 613 614
Ca 112.646289538 613 614
Ca 159.894123632 613 614
Ca 152.063701574 613 614
Ca 115.726316997 613 614
Ca 88.4171594427 613 614
Ca 69.2830592909 613 614
Ca 45.0498659601 614 615
Ca 65.3391368687 614 615
Ca 87.3716609837 614 615
Ca 99.6216557023 614 615
Ca 101.46398019 614 615
Ca 95.167471095 614 615
Ca 81.9962217524 614 615
Ca 65.3138143296 614 615
Ca 57.199184673 649 650
Ca 76.294518659 649 650
Ca 7.8476442238 649 650
Ca 4.12492157598 649 650
Ca 2.79695569023 649 650
Ca 2.11673329611 649 650
Ca 1.69702353745 649 650
Ca 1.41362053217 649 650
Ca 56.151773425 109 110
Ca 74.6930031351 109 110
Ca 93.5858853797 109 110
Ca 105.488904531 109 110
Ca 105.640939275 109 110
Ca 95.7875747358 109 110
Ca 78.3536561373 109 110
Ca 63.4067064249 109 110
Ca 1.27823657169 120 121
Ca 1.59061810152 120 121
Ca 2.11215394456 120 121
Ca 3.13610349575 120 121
Ca 6.07295278859 120 121
Ca 96.1689609188 120 121
Ca 64.1672812714 120 121
Ca 45.8817376537 120 121
Ca 39.5612551889 139 140
Ca 59.489713373 139 140
Ca 101.457352332 139 140
Ca 7.54570071903 139 140
Ca 3.58318736425 139 140
Ca 3.45327517332 139 140
Ca 3.3257139248 139 140
Ca 3.21187409866 139 140
Ca 48.6576821636 148 149
Ca 66.7185386322 148 149
Ca 103.749465948 148 149
Ca 147.189248735 148 149
Ca 147.864889642 148 149
Ca 103.164247302 148 149
Ca 57.2519672882 148 149
Ca 8.88337085241 148 149
Ca 39.5140024838 161 162
Ca 58.9382710811 161 162
Ca 96.9735062853 161 162
Ca 129.162316025 161 162
Ca 4.93372423907 161 162
Ca 2.48730716864 161 162
Ca 1.65705121652 161 162
Ca 1.24008784989 161 162
Ca 5.60535174081 175 176
Ca 10.7740392781 175 176
Ca 100.988287878 175 176
Ca 120.625594188 175 176
Ca 127.639209412 175 176
Ca 104.220731579 175 176
Ca 66.7651593548 175 176
Ca 47.0970176861 175 176
Ca 47.3434677772 179 180
Ca 68.8254172813 179 180
Ca 101.823903935 179 180
Ca 129.50533499 179 180
Ca 137.439976247 179 180
Ca 107.109407768 179 180
Ca 66.4640849854 179 180
Ca 45.8036882553 179 180
Ca 77.5495204816 193 194
Ca 90.0485110312 193 194
Ca 98.9052047014 193 194
Ca 102.018613989 193 194
Ca 101.331281762 193 194
Ca 99.6017497403 193 194
Ca 92.6640513582 193 194
Ca 79.7031510206 193 194
Ca 35.6193383943 205 206
Ca 57.2232891579 205 206
Ca 88.4842782512 205 206
Ca 108.192778901 205 206
Ca 111.047886702 205 206
Ca 94.8930532371 205 206
Ca 61.0807888066 205 206
Ca 35.7909775566 205 206
Ca 56.2783475156 211 212
Ca 79.49005678 211 212
Ca 107.291904418 211 212
Ca 126.278685939 211 212
Ca 126.85170076 211 212
Ca 99.3622703663 211 212
Ca 72.7187971315 211 212
Ca 56.4444485963 211 212
Ca 42.8764144083 213 214
Ca 63.2241212374 213 214
Ca 98.3043810486 213 214
Ca 130.220232003 213 214
Ca 135.633531853 213 214
Ca 105.977250881 213 214
Ca 11.2018917838 213 214
Ca 5.44392220926 213 214
Ca 78.3928002855 225 226
Ca 91.5323939555 225 226
Ca 99.656794205 225 226
Ca 100.30135679 225 226
Ca 96.957107503 225 226
Ca 92.5471163683 225 226
Ca 81.7649262147 225 226
Ca 66.4630016732 225 226
Ca 175.875563564 243 244
Ca 177.560065416 243 244
Ca 178.416021204 243 244
Ca 178.759336787 243 244
Ca 179.014182623 243 244
Ca 179.13068132 243 244
Ca 179.143659957 243 244
Ca 179.030123639 243 244
Ca 63.7018661051 261 262
Ca 80.0095320789 261 262
Ca 94.9499858296 261 262
Ca 105.454793784 261 262
Ca 106.535604524 261 262
Ca 93.7720324888 261 262
Ca 73.2664905114 261 262
Ca 56.8522436708 261 262
Ca 49.0736323728 272 273
Ca 72.3493126683 272 273
Ca 110.782372728 272 273
Ca 149.965278101 272 273
Ca 154.938395184 272 273
Ca 109.061089217 272 273
Ca 73.2286275643 272 273
Ca 56.3067099838 272 273
Ca 74.5236410893 279 280
Ca 91.0354912077 279 280
Ca 112.74485722 279 280
Ca 128.700651997 279 280
Ca 122.617379469 279 280
Ca 95.0021473159 279 280
Ca 54.334143038 279 280
Ca 30.7465297384 279 280
Ca 41.5045905338 296 297
Ca 58.0325824994 296 297
Ca 87.2256828143 296 297
Ca 115.959166161 296 297
Ca 113.95675534 296 297
Ca 103.220916735 296 297
Ca 87.3409611337 296 297
Ca 75.2231243062 296 297
Ca 78.8537503394 304 305
Ca 92.8067068615 304 305
Ca 105.792989834 304 305
Ca 113.780646584 304 305
Ca 115.041515483 304 305
Ca 109.76944752 304 305
Ca 97.0275869772 304 305
Ca 82.5385699278 304 305
Ca 55.517109603 314 315
Ca 70.8879574986 314 315
Ca 87.0275920973 314 315
Ca 98.3625981207 314 315
Ca 102.772950351 314 315
Ca 96.6337550945 314 315
Ca 82.8306775158 314 315
Ca 65.7069582046 314 315
Ca 23.7038670896 343 344
Ca 33.9624186891 343 344
Ca 61.2307750588 343 344
Ca 101.157799249 343 344
Ca 99.1934480066 343 344
Ca 89.6723153534 343 344
Ca 68.3120177649 343 344
Ca 49.3527908074 343 344
Ca 0.0748069996702 394 395
Ca 0.0852645199547 394 395
Ca 0.098015378968 394 395
Ca 0.107296715853 394 395
Ca 0.075239815806 394 395
Ca 0.339686659285 394 395
Ca 88.2211409487 394 395
Ca 75.0009035011 394 395
Ca 62.4593584937 413 414
Ca 84.1888178526 413 414
Ca 116.471462582 413 414
Ca 159.030132626 413 414
Ca 156.185431508 413 414
Ca 115.275819301 413 414
Ca 86.166074387 413 414
Ca 67.9207447117 413 414
Ca 78.7140548971 412 413
Ca 91.2584330049 412 413
Ca 108.019617504 412 413
Ca 118.043538034 412 413
Ca 112.111960925 412 413
Ca 95.1907902224 412 413
Ca 67.0393784311 412 413
Ca 44.5599664172 412 413
Ca 82.1984412827 435 436
Ca 98.6135177645 435 436
Ca 123.085208101 435 436
Ca 158.984587669 435 436
Ca 154.300045189 435 436
Ca 107.472599446 435 436
Ca 67.022725375 435 436
Ca 45.4174714155 435 436
Ca 50.1372658598 443 444
Ca 71.786565631 443 444
Ca 105.360119497 443 444
Ca 141.045813461 443 444
Ca 144.574602326 443 444
Ca 109.159709996 443 444
Ca 69.7837722575 443 444
Ca 47.8213110411 443 444
Ca 66.6681684075 458 459
Ca 82.2353238944 458 459
Ca 96.3337796097 458 459
Ca 103.780778022 458 459
Ca 105.174771814 458 459
Ca 100.790493575 458 459
Ca 88.1252702179 458 459
Ca 72.8135963477 458 459
Ca 66.6681684075 458 459
Ca 82.2353238944 458 459
Ca 96.3337796097 458 459
Ca 103.780778022 458 459
Ca 105.174771814 458 459
Ca 100.790493575 458 459
Ca 88.1252702179 458 459
Ca 72.8135963477 458 459
Ca 80.2755306624 473 474
Ca 92.3362422029 473 474
Ca 107.538554978 473 474
Ca 115.637509976 473 474
Ca 112.104580667 473 474
Ca 97.2310369875 473 474
Ca 67.2035038792 473 474
Ca 41.3054878873 473 474
Ca 57.807674554 474 475
Ca 79.8914620162 474 475
Ca 110.769894792 474 475
Ca 146.218809488 474 475
Ca 143.983090487 474 475
Ca 117.021877931 474 475
Ca 90.0656108667 474 475
Ca 68.3507837113 474 475
Ca 56.9815737715 484 485
Ca 76.9871534103 484 485
Ca 106.438146618 484 485
Ca 132.313777134 484 485
Ca 133.898540232 484 485
Ca 105.28400245 484 485
Ca 78.6735068295 484 485
Ca 61.679482633 484 485
Ca 51.3660722722 491 492
Ca 67.235267218 491 492
Ca 87.5477881052 491 492
Ca 101.111447678 491 492
Ca 101.013118768 491 492
Ca 95.5221545189 491 492
Ca 83.4816133722 491 492
Ca 71.3080923985 491 492
Ca 75.8336625213 500 501
Ca 91.4454887146 500 501
Ca 105.402282903 500 501
Ca 114.609891246 500 501
Ca 113.50331819 500 501
Ca 101.228542513 500 501
Ca 86.1491212762 500 501
Ca 71.2661091513 500 501
Ca 71.5222598444 499 500
Ca 84.8843087361 499 500
Ca 95.6487023604 499 500
Ca 100.324744938 499 500
Ca 98.9185904737 499 500
Ca 92.8696630888 499 500
Ca 79.3446280732 499 500
Ca 62.8787873975 499 500
Ca 81.5968876715 519 520
Ca 96.9518260044 519 520
Ca 114.231511546 519 520
Ca 131.255409493 519 520
Ca 132.454846367 519 520
Ca 99.6807003067 519 520
Ca 65.2649004872 519 520
Ca 44.816333999 519 520
Ca 54.1708347913 524 525
Ca 69.3631403477 524 525
Ca 89.9190306156 524 525
Ca 106.706799472 524 525
Ca 108.382425911 524 525
Ca 92.892255483 524 525
Ca 72.6307101467 524 525
Ca 54.1128628877 524 525
Ca 59.2562717878 553 554
Ca 77.6502145377 553 554
Ca 104.90308662 553 554
Ca 132.466562242 553 554
Ca 130.376795742 553 554
Ca 98.7732577232 553 554
Ca 71.0205368456 553 554
Ca 55.0230524175 553 554
Ca 47.5530648489 554 555
Ca 65.2124547196 554 555
Ca 91.8832509442 554 555
Ca 106.691822098 554 555
Ca 107.080148624 554 555
Ca 90.2069233598 554 555
Ca 53.6928166782 554 555
Ca 34.8934226669 554 555
Ca 54.2116733426 574 575
Ca 74.2788047965 574 575
Ca 101.116463015 574 575
Ca 123.448202078 574 575
Ca 122.08168095 574 575
Ca 102.063840955 574 575
Ca 80.0864299639 574 575
Ca 64.8074731583 574 575
Ca 82.5879634106 573 574
Ca 96.2279729556 573 574
Ca 112.459067214 573 574
Ca 123.08947058 573 574
Ca 112.875066687 573 574
Ca 92.1031183778 573 574
Ca 66.9995624997 573 574
Ca 49.6644301129 573 574
Ca 58.5531806513 579 580
Ca 76.8216955975 579 580
Ca 107.971458332 579 580
Ca 141.276258608 579 580
Ca 132.014750402 579 580
Ca 105.11425826 579 580
Ca 81.6303023985 579 580
Ca 64.1555236673 579 580
Ca 24.7014947906 583 584
Ca 43.225058525 583 584
Ca 87.8458588148 583 584
Ca 121.723097462 583 584
Ca 127.229575141 583 584
Ca 110.525202541 583 584
Ca 78.8068154588 583 584
Ca 57.523690083 583 584
Ca 79.3337662956 592 593
Ca 92.6219240664 592 593
Ca 100.842590627 592 593
Ca 101.310658163 592 593
Ca 97.6331688805 592 593
Ca 88.2060603694 592 593
Ca 71.9249995115 592 593
Ca 55.5433068547 592 593
Ca 78.7479811491 593 594
Ca 92.9839209896 593 594
Ca 112.110828261 593 594
Ca 126.385788514 593 594
Ca 119.971533146 593 594
Ca 98.5631613273 593 594
Ca 62.4748899323 593 594
Ca 38.5897317318 593 594
Ca 60.2568296261 609 610
Ca 75.1971181386 609 610
Ca 102.781489855 609 610
Ca 128.369707045 609 610
Ca 122.896452103 609 610
Ca 105.564401368 609 610
Ca 85.8430333879 609 610
Ca 71.0145217861 609 610
Ca 15.2189803663 626 627
Ca 28.8757624487 626 627
Ca 65.8230802869 626 627
Ca 101.080254814 626 627
Ca 105.638991034 626 627
Ca 100.691478742 626 627
Ca 86.4299722569 626 627
Ca 72.0167819632 626 627
Ca 67.8385438698 633 634
Ca 83.5566658573 633 634
Ca 101.66957492 633 634
Ca 118.865645665 633 634
Ca 118.415323127 633 634
Ca 100.601456058 633 634
Ca 78.6835935796 633 634
Ca 61.35019465 633 634
Ca 55.3025532938 640 641
Ca 71.0904589186 640 641
Ca 85.4293648006 640 641
Ca 93.240452338 640 641
Ca 95.6787153353 640 641
Ca 90.4937672102 640 641
Ca 78.5619482403 640 641
Ca 62.662155037 640 641
Ca 52.2823931717 665 666
Ca 68.3915244474 665 666
Ca 98.9754947203 665 666
Ca 132.324341554 665 666
Ca 141.768981171 665 666
Ca 107.973880983 665 666
Ca 58.9143371663 665 666
Ca 34.8650976828 665 666
Ca 55.5753308545 109 110
Ca 74.1073699979 109 110
Ca 93.0492716303 109 110
Ca 104.927893956 109 110
Ca 105.134453751 109 110
Ca 95.3596014674 109 110
Ca 78.086411854 109 110
Ca 63.3613723379 109 110
Ca 59.5097440941 120 121
Ca 75.3198997564 120 121
Ca 100.748411248 120 121
Ca 120.180531132 120 121
Ca 122.737367479 120 121
Ca 102.581313929 120 121
Ca 70.8982640382 120 121
Ca 49.3893440173 120 121
Ca 39.0631302775 139 140
Ca 59.1716739707 139 140
Ca 101.931628402 139 140
Ca 150.635923166 139 140
Ca 160.160336273 139 140
Ca 114.763688246 139 140
Ca 50.3735107434 139 140
Ca 31.6138372187 139 140
Ca 48.4287740801 148 149
Ca 66.3265189228 148 149
Ca 103.536529657 148 149
Ca 147.840077707 148 149
Ca 148.687293168 148 149
Ca 103.318602848 148 149
Ca 57.001762966 148 149
Ca 35.9659815433 148 149
Ca 38.5369265916 161 162
Ca 58.0092623453 161 162
Ca 97.0943097363 161 162
Ca 129.552102559 161 162
Ca 134.61684752 161 162
Ca 107.813063959 161 162
Ca 68.7645697191 161 162
Ca 48.8490761394 161 162
Ca 60.5043973954 175 176
Ca 77.9648114589 175 176
Ca 100.972963291 175 176
Ca 120.476336523 175 176
Ca 127.40052776 175 176
Ca 103.671060859 175 176
Ca 66.6414290626 175 176
Ca 47.1010940333 175 176
Ca 49.5451525596 179 180
Ca 70.9506671805 179 180
Ca 102.094504176 179 180
Ca 128.103163075 179 180
Ca 136.343641208 179 180
Ca 106.54238615 179 180
Ca 66.0771072275 179 180
Ca 45.5908468314 179 180
Ca 77.9835814207 193 194
Ca 90.5865497873 193 194
Ca 99.4296973352 193 194
Ca 102.513480626 193 194
Ca 101.847660279 193 194
Ca 100.290912999 193 194
Ca 93.4069770467 193 194
Ca 80.3288849373 193 194
Ca 42.7704561404 213 214
Ca 60.2105995439 213 214
Ca 90.3221012304 213 214
Ca 118.102684006 213 214
Ca 121.744824686 213 214
Ca 102.160436015 213 214
Ca 68.5743562866 213 214
Ca 49.178146857 213 214
Ca 78.7614282102 225 226
Ca 91.8713327579 225 226
Ca 99.9993897519 225 226
Ca 100.740389251 225 226
Ca 97.5612364275 225 226
Ca 93.3511016422 225 226
Ca 82.6771728099 225 226
Ca 67.3838697371 225 226
Ca 48.126857481 243 244
Ca 67.4171602115 243 244
Ca 98.8817666249 243 244
Ca 122.693176717 243 244
Ca 130.08289803 243 244
Ca 106.430704588 243 244
Ca 70.6545848983 243 244
Ca 50.4831265626 243 244
Ca 71.9447810933 261 262
Ca 87.0617866077 261 262
Ca 100.785989197 261 262
Ca 110.017022812 261 262
Ca 110.145096478 261 262
Ca 95.1066887736 261 262
Ca 72.819273067 261 262
Ca 55.6691011669 261 262
Ca 42.1003302678 272 273
Ca 61.2532758556 272 273
Ca 99.2186442581 272 273
Ca 140.477652572 272 273
Ca 144.489003202 272 273
Ca 111.853261776 272 273
Ca 77.1945414048 272 273
Ca 59.3196434448 272 273
Ca 74.1881810184 279 280
Ca 90.8230604795 279 280
Ca 112.726320935 279 280
Ca 128.795720692 279 280
Ca 122.658126482 279 280
Ca 95.3665805056 279 280
Ca 55.2557153338 279 280
Ca 31.562021979 279 280
Ca 55.3988136561 297 298
Ca 70.9333269872 297 298
Ca 85.2663216894 297 298
Ca 93.2212682299 297 298
Ca 96.4564581373 297 298
Ca 93.1441112622 297 298
Ca 84.6435340013 297 298
Ca 72.2465391583 297 298
Ca 78.1240492471 304 305
Ca 92.5290884525 304 305
Ca 105.833802763 304 305
Ca 114.056616485 304 305
Ca 115.135994824 304 305
Ca 109.439226256 304 305
Ca 96.4380239979 304 305
Ca 81.9483907007 304 305
Ca 33.1898347192 313 314
Ca 46.701561442 313 314
Ca 80.7035889182 313 314
Ca 108.719985291 313 314
Ca 109.787910855 313 314
Ca 102.275980797 313 314
Ca 87.1644431562 313 314
Ca 71.8679351059 313 314
Ca 79.4748847883 321 322
Ca 93.5885598362 321 322
Ca 110.602634501 321 322
Ca 123.641027138 321 322
Ca 115.742327621 321 322
Ca 87.1492291907 321 322
Ca 58.5405210091 321 322
Ca 39.6103615497 321 322
Ca 45.9407525672 325 326
Ca 63.3436730059 325 326
Ca 86.2690747642 325 326
Ca 100.921523009 325 326
Ca 102.285176234 325 326
Ca 90.609809113 325 326
Ca 70.1168676257 325 326
Ca 51.8451482702 325 326
Ca 77.4903609239 335 336
Ca 93.5759916529 335 336
Ca 107.869348625 335 336
Ca 117.039255455 335 336
Ca 119.616810002 335 336
Ca 114.275740016 335 336
Ca 101.177317899 335 336
Ca 83.4032620629 335 336
Ca 78.0876358202 334 335
Ca 92.2746665173 334 335
Ca 103.456222097 334 335
Ca 109.1854914 334 335
Ca 110.750710793 334 335
Ca 108.570442147 334 335
Ca 97.5867470172 334 335
Ca 78.6174675548 334 335
Ca 54.1651079886 348 349
Ca 75.0870679209 348 349
Ca 103.999875869 348 349
Ca 124.099170448 348 349
Ca 117.37792467 348 349
Ca 94.8184035633 348 349
Ca 67.0228940853 348 349
Ca 49.2388525449 348 349
Ca 52.465207565 393 394
Ca 73.2539316324 393 394
Ca 104.595281448 393 394
Ca 136.509157369 393 394
Ca 147.24120809 393 394
Ca 100.996827325 393 394
Ca 56.5307718268 393 394
Ca 41.7004729513 393 394
Ca 62.5600548538 413 414
Ca 84.0306999223 413 414
Ca 116.064791036 413 414
Ca 158.931918141 413 414
Ca 155.97455118 413 414
Ca 114.717252143 413 414
Ca 85.4805072526 413 414
Ca 67.2623852966 413 414
Ca 79.1363292941 412 413
Ca 91.496584967 412 413
Ca 107.989144109 412 413
Ca 117.768173402 412 413
Ca 111.954860691 412 413
Ca 95.4972105713 412 413
Ca 67.3776201301 412 413
Ca 44.6509779935 412 413
Ca 82.3082406434 435 436
Ca 98.6368543455 435 436
Ca 122.898163989 435 436
Ca 158.479146168 435 436
Ca 154.697999662 435 436
Ca 107.466638147 435 436
Ca 66.4092965528 435 436
Ca 44.1894745568 435 436
Ca 41.1370645577 443 444
Ca 60.9749961056 443 444
Ca 99.9948670204 443 444
Ca 145.375681053 443 444
Ca 148.975101702 443 444
Ca 107.118394923 443 444
Ca 60.6243165811 443 444
Ca 40.1104677677 443 444
Ca 66.8607093597 458 459
Ca 82.3266423875 458 459
Ca 96.21466033 458 459
Ca 103.438454356 458 459
Ca 104.49971807 458 459
Ca 99.7534502161 458 459
Ca 86.87878151 458 459
Ca 72.2009928751 458 459
Ca 66.8607093597 458 459
Ca 82.3266423875 458 459
Ca 96.21466033 458 459
Ca 103.438454356 458 459
Ca 104.49971807 458 459
Ca 99.7534502161 458 459
Ca 86.87878151 458 459
Ca 72.2009928751 458 459
Ca 79.6281564629 473 474
Ca 91.984656655 473 474
Ca 107.454550017 473 474
Ca 115.468009702 473 474
Ca 111.767394525 473 474
Ca 97.246423813 473 474
Ca 68.1960851504 473 474
Ca 42.4792337423 473 474
Ca 58.7249207367 474 475
Ca 80.8035004231 474 475
Ca 111.27075618 474 475
Ca 146.088266241 474 475
Ca 144.59707756 474 475
Ca 117.764514646 474 475
Ca 90.7951208618 474 475
Ca 68.974340331 474 475
Ca 56.721357606 484 485
Ca 76.395450815 484 485
Ca 105.434912604 484 485
Ca 131.345586581 484 485
Ca 134.901213658 484 485
Ca 106.923722533 484 485
Ca 80.6744749161 484 485
Ca 62.8685444593 484 485
Ca 72.9033165074 493 494
Ca 84.0707286453 493 494
Ca 94.2461483188 493 494
Ca 98.1447663858 493 494
Ca 96.4435876421 493 494
Ca 91.8437558112 493 494
Ca 79.5154900647 493 494
Ca 64.4185091791 493 494
Ca 75.7238744501 500 501
Ca 91.3872471073 500 501
Ca 105.388551799 500 501
Ca 114.800591893 500 501
Ca 114.036525096 500 501
Ca 101.83284743 500 501
Ca 86.6290402614 500 501
Ca 71.6271357047 500 501
Ca 71.4709449058 499 500
Ca 85.0869855684 499 500
Ca 96.010972568 499 500
Ca 100.650999762 499 500
Ca 99.0709388097 499 500
Ca 92.9307530365 499 500
Ca 79.4635884902 499 500
Ca 62.9926963838 499 500
Ca 81.5061266118 519 520
Ca 96.8463277321 519 520
Ca 114.267760011 519 520
Ca 131.603014805 519 520
Ca 132.676251782 519 520
Ca 99.2749248651 519 520
Ca 64.777218579 519 520
Ca 44.5163598084 519 520
Ca 54.6203168649 524 525
Ca 70.0091329808 524 525
Ca 90.7939455813 524 525
Ca 107.796062602 524 525
Ca 108.879135356 524 525
Ca 93.9011353804 524 525
Ca 74.5145192553 524 525
Ca 56.3773857067 524 525
Ca 57.5240815412 553 554
Ca 76.0237144939 553 554
Ca 103.959826933 553 554
Ca 132.351692942 553 554
Ca 129.754176937 553 554
Ca 99.2479666487 553 554
Ca 71.1881845995 553 554
Ca 55.1361982963 553 554
Ca 47.2283029429 554 555
Ca 64.2181481518 554 555
Ca 90.6429972231 554 555
Ca 106.514571658 554 555
Ca 107.340645449 554 555
Ca 90.7683777555 554 555
Ca 54.2854143366 554 555
Ca 35.275414315 554 555
Ca 55.0293340801 574 575
Ca 74.8527345162 574 575
Ca 101.857338911 574 575
Ca 125.155060536 574 575
Ca 124.316985923 574 575
Ca 103.450876208 574 575
Ca 80.4983382175 574 575
Ca 64.255105167 574 575
Ca 80.1727012296 573 574
Ca 93.6121369229 573 574
Ca 110.527850982 573 574
Ca 120.741380291 573 574
Ca 110.681577974 573 574
Ca 90.3873842817 573 574
Ca 65.2010142152 573 574
Ca 47.7988708446 573 574
Ca 48.5352162166 579 580
Ca 66.6667880978 579 580
Ca 102.296358676 579 580
Ca 130.529951619 579 580
Ca 121.826166255 579 580
Ca 101.630916381 579 580
Ca 80.8148607392 579 580
Ca 65.1635622049 579 580
Ca 79.2999853845 593 594
Ca 93.7755938913 593 594
Ca 112.759979306 593 594
Ca 127.071904768 593 594
Ca 120.863006088 593 594
Ca 98.9840691086 593 594
Ca 61.49575472 593 594
Ca 37.3926633905 593 594
Ca 62.4322289492 609 610
Ca 77.746411224 609 610
Ca 105.59815393 609 610
Ca 133.909180379 609 610
Ca 126.839603065 609 610
Ca 107.084283196 609 610
Ca 87.6200798177 609 610
Ca 73.1815291526 609 610
Ca 14.425816613 626 627
Ca 27.7375282317 626 627
Ca 66.4013325637 626 627
Ca 104.540447071 626 627
Ca 107.20194459 626 627
Ca 100.716878195 626 627
Ca 85.4724115912 626 627
Ca 70.5322436625 626 627
Ca 61.5349112193 634 635
Ca 79.4724479039 634 635
Ca 101.356347324 634 635
Ca 116.609616103 634 635
Ca 122.088515124 634 635
Ca 106.650661332 634 635
Ca 83.3287084736 634 635
Ca 63.7098023588 634 635
Ca 55.1513633709 640 641
Ca 70.9275075662 640 641
Ca 85.2845784895 640 641
Ca 93.1245087267 640 641
Ca 95.5888048942 640 641
Ca 90.3996657363 640 641
Ca 78.400550109 640 641
Ca 62.3977200696 640 641
Ca 59.2302539211 665 666
Ca 74.5965039269 665 666
Ca 104.079160169 665 666
Ca 132.622917739 665 666
Ca 140.813131159 665 666
Ca 99.2764578836 665 666
Ca 46.9667832069 665 666
Ca 28.5142458515 665 666
Ca 74.2356982301 89 90
Ca 91.7743247404 89 90
Ca 114.455569692 89 90
Ca 136.74052709 89 90
Ca 137.831717291 89 90
Ca 107.881283281 89 90
Ca 75.4135193339 89 90
Ca 50.5784318316 89 90
Ca 78.7022112156 100 101
Ca 92.9601894541 100 101
Ca 108.384333415 100 101
Ca 121.224497832 100 101
Ca 121.121848275 100 101
Ca 98.3665727205 100 101
Ca 71.9936310557 100 101
Ca 54.2204227889 100 101
Ca 77.4368791513 123 124
Ca 89.9634460118 123 124
Ca 99.6685361406 123 124
Ca 102.035377335 123 124
Ca 99.8333581951 123 124
Ca 90.9800515382 123 124
Ca 73.9787433646 123 124
Ca 56.0546065961 123 124
Ca 48.2475678104 129 130
Ca 67.4644517018 129 130
Ca 107.586749636 129 130
Ca 150.053895754 129 130
Ca 150.444752206 129 130
Ca 101.480077068 129 130
Ca 51.8752172068 129 130
Ca 32.8595100789 129 130
Ca 44.6994237503 142 143
Ca 64.0166216053 142 143
Ca 97.6678194882 142 143
Ca 126.647729042 142 143
Ca 134.002758186 142 143
Ca 109.197724243 142 143
Ca 67.003076568 142 143
Ca 46.5746907165 142 143
Ca 51.1033110293 156 157
Ca 69.8099379628 156 157
Ca 107.497886285 156 157
Ca 148.680543372 156 157
Ca 138.408033126 156 157
Ca 99.5253300258 156 157
Ca 64.5956697197 156 157
Ca 45.8380291668 156 157
Ca 61.2570887644 161 162
Ca 75.1336427488 161 162
Ca 88.7435994313 161 162
Ca 97.7167537516 161 162
Ca 100.406377541 161 162
Ca 95.9262322433 161 162
Ca 86.9513199519 161 162
Ca 74.0506861 161 162
Ca 61.2174352899 176 177
Ca 78.658657023 176 177
Ca 102.806928622 176 177
Ca 124.108042089 176 177
Ca 131.436884805 176 177
Ca 109.283834672 176 177
Ca 80.106660418 176 177
Ca 59.0993845484 176 177
Ca 49.3003186222 193 194
Ca 64.9554159234 193 194
Ca 92.1988215789 193 194
Ca 118.47772001 193 194
Ca 124.918092577 193 194
Ca 104.092235802 193 194
Ca 70.5567645485 193 194
Ca 50.4184477765 193 194
Ca 77.7236725815 206 207
Ca 90.4850645561 206 207
Ca 99.9248740419 206 207
Ca 103.646418821 206 207
Ca 103.452865684 206 207
Ca 99.7438580121 206 207
Ca 88.7899881845 206 207
Ca 73.2015477432 206 207
Ca 40.2551708332 223 224
Ca 59.2608172421 223 224
Ca 99.8166315611 223 224
Ca 131.390752984 223 224
Ca 138.077220346 223 224
Ca 108.657714494 223 224
Ca 62.6232373731 223 224
Ca 44.8319514147 223 224
Ca 77.0652620271 241 242
Ca 91.0616311548 241 242
Ca 102.904267807 241 242
Ca 110.978107402 241 242
Ca 108.395200944 241 242
Ca 89.5412811954 241 242
Ca 66.2148887742 241 242
Ca 50.6629824625 241 242
Ca 28.8267291334 275 276
Ca 44.7151418095 275 276
Ca 78.942796843 275 276
Ca 108.907637355 275 276
Ca 113.145630831 275 276
Ca 99.3814390828 275 276
Ca 70.7507585828 275 276
Ca 51.2420704122 275 276
Ca 83.8927967377 287 288
Ca 97.1180717235 287 288
Ca 109.288004184 287 288
Ca 119.640017975 287 288
Ca 115.293015411 287 288
Ca 92.9296338097 287 288
Ca 67.2530637856 287 288
Ca 49.660094903 287 288
Ca 56.9154021464 295 296
Ca 76.9990970187 295 296
Ca 101.769889804 295 296
Ca 126.918856757 295 296
Ca 133.055742105 295 296
Ca 109.335102939 295 296
Ca 78.9455175283 295 296
Ca 58.3845421141 295 296
Ca 52.9546324728 306 307
Ca 72.2113016274 306 307
Ca 105.104539404 306 307
Ca 141.255430458 306 307
Ca 142.95090432 306 307
Ca 102.508127846 306 307
Ca 62.1274544947 306 307
Ca 40.5339954713 306 307
Ca 56.8524165897 311 312
Ca 73.0400612348 311 312
Ca 95.7116511939 311 312
Ca 115.812294572 311 312
Ca 115.215749269 311 312
Ca 101.862584152 311 312
Ca 85.9981880215 311 312
Ca 71.1753531973 311 312
Ca 40.6543863875 332 333
Ca 60.1509231905 332 333
Ca 89.6424357785 332 333
Ca 117.689400034 332 333
Ca 118.465787743 332 333
Ca 104.755176362 332 333
Ca 88.1402744208 332 333
Ca 75.2296321069 332 333
Ca 78.2979501444 331 332
Ca 92.2027939493 331 332
Ca 110.685910742 331 332
Ca 124.508918781 331 332
Ca 117.037196835 331 332
Ca 94.2960481213 331 332
Ca 62.5136517203 331 332
Ca 44.9299564492 331 332
Ca 79.9963505283 345 346
Ca 95.4452275348 345 346
Ca 107.269951314 345 346
Ca 112.484309757 345 346
Ca 110.03455514 345 346
Ca 101.311686081 345 346
Ca 88.137736217 345 346
Ca 71.678909782 345 346
Ca 35.4304211237 362 363
Ca 57.5618990527 362 363
Ca 98.6099987437 362 363
Ca 123.780167733 362 363
Ca 126.054095379 362 363
Ca 100.069528344 362 363
Ca 53.7104100908 362 363
Ca 31.1906179137 362 363
Ca 70.1217285031 381 382
Ca 83.9355180509 381 382
Ca 100.621431958 381 382
Ca 110.389699348 381 382
Ca 105.994207745 381 382
Ca 90.7941863429 381 382
Ca 58.2307648109 381 382
Ca 34.6520557628 381 382
Ca 70.1217285031 381 382
Ca 83.9355180509 381 382
Ca 100.621431958 381 382
Ca 110.389699348 381 382
Ca 105.994207745 381 382
Ca 90.7941863429 381 382
Ca 58.2307648109 381 382
Ca 34.6520557628 381 382
Ca 40.2421839881 405 406
Ca 62.7766531438 405 406
Ca 91.4550485189 405 406
Ca 101.852137958 405 406
Ca 99.7120187169 405 406
Ca 86.9920203235 405 406
Ca 67.2908868968 405 406
Ca 47.7929112979 405 406
Ca 59.397999342 415 416
Ca 74.4221021293 415 416
Ca 89.1277483949 415 416
Ca 97.254249484 415 416
Ca 95.8894951851 415 416
Ca 92.0657285434 415 416
Ca 83.1513552204 415 416
Ca 71.5292404294 415 416
Ca 78.3519162341 428 429
Ca 90.1500020541 428 429
Ca 98.610327462 428 429
Ca 101.544241847 428 429
Ca 99.7968476338 428 429
Ca 94.8079152599 428 429
Ca 82.4121871742 428 429
Ca 67.491918916 428 429
Ca 69.8398800479 430 431
Ca 83.5837200176 430 431
Ca 94.9565310608 430 431
Ca 101.548242086 430 431
Ca 101.085232076 430 431
Ca 98.2557318013 430 431
Ca 89.9668023187 430 431
Ca 77.3429562311 430 431
Ca 75.5770135133 454 455
Ca 89.5368537798 454 455
Ca 99.0679310959 454 455
Ca 101.704865116 454 455
Ca 96.8933744386 454 455
Ca 89.9512362537 454 455
Ca 77.2978499895 454 455
Ca 62.8282825435 454 455
Ca 53.3782549683 458 459
Ca 71.389316175 458 459
Ca 100.66201314 458 459
Ca 126.177736844 458 459
Ca 127.93074272 458 459
Ca 105.31661728 458 459
Ca 72.8077476419 458 459
Ca 54.510069291 458 459
Ca 52.8532580289 491 492
Ca 74.4074082817 491 492
Ca 115.051537077 491 492
Ca 155.808146073 491 492
Ca 157.839145507 491 492
Ca 109.632684723 491 492
Ca 78.5466812284 491 492
Ca 59.9483967584 491 492
Ca 48.5881451253 494 495
Ca 70.0375465915 494 495
Ca 100.125548182 494 495
Ca 120.156825758 494 495
Ca 118.029654819 494 495
Ca 94.5646348388 494 495
Ca 62.8288409142 494 495
Ca 43.3468453079 494 495
Ca 75.8305009417 506 507
Ca 89.5130603885 506 507
Ca 100.481599635 506 507
Ca 106.576817505 506 507
Ca 106.299198343 506 507
Ca 99.8868475728 506 507
Ca 87.842179289 506 507
Ca 73.6553855553 506 507
Ca 76.051704473 505 506
Ca 87.9626424341 505 506
Ca 96.8933358648 505 506
Ca 100.602896119 505 506
Ca 99.039907415 505 506
Ca 95.1967578582 505 506
Ca 85.0178157337 505 506
Ca 70.6934817578 505 506
Ca 64.4908879983 524 525
Ca 81.8853912088 524 525
Ca 111.152490972 524 525
Ca 151.623040688 524 525
Ca 145.972553937 524 525
Ca 106.383910894 524 525
Ca 76.7357799478 524 525
Ca 58.7262491857 524 525
Ca 61.8252722538 526 527
Ca 81.5389225912 526 527
Ca 112.193931378 526 527
Ca 150.392979874 526 527
Ca 145.908649281 526 527
Ca 113.630300583 526 527
Ca 87.8321194892 526 527
Ca 71.6225788076 526 527
Ca 67.2078782128 546 547
Ca 83.1845916522 546 547
Ca 107.057928214 546 547
Ca 134.470184338 546 547
Ca 136.006077165 546 547
Ca 108.798469967 546 547
Ca 81.1182099253 546 547
Ca 63.1078561817 546 547
Ca 43.8607122239 555 556
Ca 65.1862546907 555 556
Ca 95.2827110447 555 556
Ca 116.031556471 555 556
Ca 118.375523589 555 556
Ca 97.9103872293 555 556
Ca 68.7919034439 555 556
Ca 51.9081852407 555 556
Ca 77.9996018996 564 565
Ca 91.3170894373 564 565
Ca 101.23126277 564 565
Ca 103.297090392 564 565
Ca 100.697009478 564 565
Ca 89.6791894496 564 565
Ca 73.7289589829 564 565
Ca 58.9199675419 564 565
Ca 75.541804741 565 566
Ca 89.9392119113 565 566
Ca 107.729556841 565 566
Ca 117.365274482 565 566
Ca 110.447184279 565 566
Ca 91.9435538466 565 566
Ca 58.1096605784 565 566
Ca 37.6463122123 565 566
Ca 61.3319107325 581 582
Ca 77.1296700588 581 582
Ca 93.3398501323 581 582
Ca 99.6385612748 581 582
Ca 93.3148407568 581 582
Ca 72.5889989529 581 582
Ca 47.4362966269 581 582
Ca 30.9928606759 581 582
Ca 45.122187408 604 605
Ca 61.1211088969 604 605
Ca 91.38533779 604 605
Ca 121.195900406 604 605
Ca 122.097824435 604 605
Ca 105.918961741 604 605
Ca 86.6005340225 604 605
Ca 72.9287800345 604 605
Ca 66.5810509027 613 614
Ca 82.4790325649 613 614
Ca 112.988598033 613 614
Ca 160.040502096 613 614
Ca 152.331274299 613 614
Ca 115.637341956 613 614
Ca 87.7632340737 613 614
Ca 68.3429203113 613 614
Ca 43.8387518115 614 615
Ca 64.1887361583 614 615
Ca 86.9079610143 614 615
Ca 99.8801992405 614 615
Ca 102.165540656 614 615
Ca 95.9120909004 614 615
Ca 82.6589637146 614 615
Ca 65.9847177473 614 615
