N 34.2419755388 90 91
N 70.1281164128 90 91
N 138.27484654 90 91
N 167.058915411 90 91
N 153.942434131 90 91
N 109.376212241 90 91
N 63.900924867 90 91
N 43.4671762159 90 91
N 73.6158913384 100 101
N 90.0197280176 100 101
N 108.615580997 100 101
N 126.795688528 100 101
N 124.558607134 100 101
N 78.9721280336 100 101
N 46.0909786812 100 101
N 31.4394889851 100 101
N 68.2798154281 123 124
N 89.2256988514 123 124
N 110.154218299 123 124
N 116.362927668 123 124
N 101.130632218 123 124
N 73.2120584767 123 124
N 50.3315488894 123 124
N 35.5754737931 123 124
N 48.0246758929 129 130
N 72.0725640677 129 130
N 118.767165771 129 130
N 146.407921891 129 130
N 144.249678291 129 130
N 94.0075142776 129 130
N 41.220728273 129 130
N 24.6420793544 129 130
N 38.0987725791 142 143
N 63.3675960016 142 143
N 111.164890124 142 143
N 134.83471242 142 143
N 130.958793173 142 143
N 101.806725476 142 143
N 54.8529676985 142 143
N 32.1060009361 142 143
N 53.3126831581 156 157
N 76.7152408875 156 157
N 121.967554757 156 157
N 153.752864847 156 157
N 146.847603571 156 157
N 98.6289092573 156 157
N 53.308802877 156 157
N 36.1177297628 156 157
N 43.1925093928 161 162
N 59.7761817404 161 162
N 78.361472194 161 162
N 91.9550274103 161 162
N 89.4300962416 161 162
N 78.5896893788 161 162
N 66.4258530744 161 162
N 56.9544377502 161 162
N 82.2028370083 175 176
N 95.6096982253 175 176
N 116.613213764 175 176
N 137.276685468 175 176
N 132.038097484 175 176
N 84.3336348999 175 176
N 52.6589279667 175 176
N 38.4209589369 175 176
N 27.8102506256 193 194
N 54.7247079564 193 194
N 105.257575077 193 194
N 121.400620293 193 194
N 110.111560631 193 194
N 86.1278727444 193 194
N 58.4883864911 193 194
N 38.7246348542 193 194
N 70.8239126936 208 209
N 89.4612207043 208 209
N 109.400966345 208 209
N 115.004269196 208 209
N 99.6380297238 208 209
N 75.236372241 208 209
N 59.1641354096 208 209
N 45.6759155439 208 209
N 42.7160993897 223 224
N 62.8285095593 223 224
N 118.717212212 223 224
N 147.92169579 223 224
N 138.896955151 223 224
N 100.953295385 223 224
N 38.1244006268 223 224
N 19.8177590906 223 224
N 74.7058755544 241 242
N 92.4216472959 241 242
N 109.964405336 241 242
N 119.545031167 241 242
N 111.920933532 241 242
N 84.3046375455 241 242
N 56.294756451 241 242
N 41.5564041897 241 242
N 9.28026490407 275 276
N 9.81536481892 275 276
N 10.2757668241 275 276
N 10.6501456072 275 276
N 11.0715791263 275 276
N 11.5391472426 275 276
N 67.7043818426 275 276
N 45.3493258252 275 276
N 87.296479791 287 288
N 99.2439937641 287 288
N 112.316397425 287 288
N 124.476375768 287 288
N 115.358522488 287 288
N 60.8614953302 287 288
N 34.4167395486 287 288
N 27.0694120403 287 288
N 44.6944279369 295 296
N 68.041778177 295 296
N 114.096189648 295 296
N 139.372111878 295 296
N 128.915323913 295 296
N 82.7335792088 295 296
N 42.2804117497 295 296
N 25.3267845369 295 296
N 53.4349667419 306 307
N 79.1584465509 306 307
N 117.505084026 306 307
N 142.17743278 306 307
N 138.605525047 306 307
N 91.339695811 306 307
N 47.1996754204 306 307
N 30.4864636767 306 307
N 36.7323608021 310 311
N 59.211514085 310 311
N 90.8204022859 310 311
N 107.175215326 310 311
N 92.4934955422 310 311
N 65.7004771134 310 311
N 43.6372139792 310 311
N 30.9700727902 310 311
N 35.5134203051 332 333
N 64.7006671966 332 333
N 108.86850338 332 333
N 132.089089661 332 333
N 129.280759838 332 333
N 104.783121172 332 333
N 81.4491268515 332 333
N 67.3794344648 332 333
N 84.6030660837 331 332
N 99.1317664542 331 332
N 115.516609933 331 332
N 124.035236692 331 332
N 104.694689022 331 332
N 57.3767331093 331 332
N 31.7552407125 331 332
N 22.0645976176 331 332
N 66.066999412 348 349
N 84.7380776859 348 349
N 114.946075465 348 349
N 140.537435909 348 349
N 139.009391763 348 349
N 94.9343200902 348 349
N 52.2992329649 348 349
N 34.7812978651 348 349
N 21.1918873295 362 363
N 37.8072475527 362 363
N 137.48521193 362 363
N 140.376955659 362 363
N 117.017077636 362 363
N 86.8136855261 362 363
N 57.1695862358 362 363
N 37.2700693909 362 363
N 64.6472065406 381 382
N 81.681784816 381 382
N 101.789015578 381 382
N 119.519394401 381 382
N 110.000358024 381 382
N 66.3029644943 381 382
N 32.7138547376 381 382
N 18.7432942328 381 382
N 64.6472065406 381 382
N 81.681784816 381 382
N 101.789015578 381 382
N 119.519394401 381 382
N 110.000358024 381 382
N 66.3029644943 381 382
N 32.7138547376 381 382
N 18.7432942328 381 382
N 10.6157818165 405 406
N 43.6752980767 405 406
N 116.610362521 405 406
N 123.768859891 405 406
N 107.44098587 405 406
N 83.8088687428 405 406
N 62.8817137815 405 406
N 46.8353544539 405 406
N 74.0011432007 414 415
N 90.0000533135 414 415
N 113.243451 414 415
N 127.498277844 414 415
N 121.456015473 414 415
N 69.7871759533 414 415
N 37.4650050015 414 415
N 28.2509538424 414 415
N 79.2007949575 428 429
N 93.5404236275 428 429
N 108.748604376 428 429
N 113.462997498 428 429
N 101.472768586 428 429
N 78.6795515325 428 429
N 60.1360448842 428 429
N 45.8897687954 428 429
N 65.4716462433 430 431
N 82.6076643087 430 431
N 101.576768438 430 431
N 108.534744745 430 431
N 99.3363481144 430 431
N 80.9278790159 430 431
N 68.8935015155 430 431
N 58.595979509 430 431
N 76.3090858617 454 455
N 93.9931628394 454 455
N 111.295221583 454 455
N 115.143472363 454 455
N 102.41208275 454 455
N 82.6136409768 454 455
N 69.9581892234 454 455
N 58.3635785342 454 455
N 46.2325407181 458 459
N 70.2149574001 458 459
N 108.197277516 458 459
N 137.542914316 458 459
N 129.598446159 458 459
N 97.6212451386 458 459
N 59.3479373929 458 459
N 38.4661494471 458 459
N 13.0865987646 491 492
N 26.0238830688 491 492
N 138.289570712 491 492
N 160.777884001 491 492
N 159.174652746 491 492
N 64.7876481936 491 492
N 37.4733452269 491 492
N 30.9759463541 491 492
N 28.985692895 494 495
N 55.0729770915 494 495
N 103.641321139 494 495
N 136.067660098 494 495
N 130.572923323 494 495
N 76.7556684923 494 495
N 38.5760696178 494 495
N 24.7824363778 494 495
N 74.7693351192 506 507
N 90.6734011835 506 507
N 110.17598817 506 507
N 117.787594417 506 507
N 105.497892083 506 507
N 81.0244062975 506 507
N 62.7846748698 506 507
N 49.7877734607 506 507
N 74.5524137169 505 506
N 90.6534272003 505 506
N 105.278964519 505 506
N 110.005563179 505 506
N 99.2797582726 505 506
N 79.0890237717 505 506
N 64.290644843 505 506
N 52.1257094562 505 506
N 65.2719161084 524 525
N 79.8988286868 524 525
N 103.467531986 524 525
N 131.434101944 524 525
N 146.595798791 524 525
N 107.565871293 524 525
N 54.7470785168 524 525
N 39.9774997123 524 525
N 39.575004306 526 527
N 63.1673581016 526 527
N 104.566239247 526 527
N 141.521500243 526 527
N 139.742500762 526 527
N 94.6450145295 526 527
N 61.4252117335 526 527
N 47.4531177442 526 527
N 51.0806457966 546 547
N 70.4455721145 546 547
N 97.2005632674 546 547
N 124.689156051 546 547
N 129.58271575 546 547
N 104.266093208 546 547
N 74.6794823069 546 547
N 55.611115347 546 547
N 32.7709887651 555 556
N 64.4957796678 555 556
N 112.538534089 555 556
N 127.953972361 555 556
N 120.353900672 555 556
N 94.7072723573 555 556
N 62.5374730561 555 556
N 43.7472785765 555 556
N 74.4152507273 564 565
N 90.661292549 564 565
N 107.57815857 564 565
N 114.235426113 564 565
N 99.5466348877 564 565
N 76.9358785765 564 565
N 55.4561457731 564 565
N 42.2848611079 564 565
N 70.5592715185 565 566
N 90.3054617072 565 566
N 113.627776096 565 566
N 127.64963311 565 566
N 105.553507989 565 566
N 61.5596754648 565 566
N 33.6116490966 565 566
N 21.6045127234 565 566
N 30.4688414747 581 582
N 58.0543484629 581 582
N 94.5719591025 581 582
N 104.807940975 581 582
N 92.3002270141 581 582
N 66.1117485535 581 582
N 46.4667931373 581 582
N 34.1642980478 581 582
N 34.5070699685 604 605
N 58.3405645661 604 605
N 100.12772975 604 605
N 133.305755584 604 605
N 134.349334574 604 605
N 111.409810742 604 605
N 84.305288898 604 605
N 67.1999550885 604 605
N 65.8086452923 613 614
N 79.480301688 613 614
N 108.647741522 613 614
N 148.70226382 613 614
N 164.928197167 613 614
N 97.8006914643 613 614
N 54.7629777042 613 614
N 41.0004847398 613 614
N 9.94820581842 614 615
N 28.3322449809 614 615
N 82.4970206662 614 615
N 111.03961631 614 615
N 101.185851999 614 615
N 80.1899516632 614 615
N 62.0186077449 614 615
N 48.3281306168 614 615
N 57.3100773304 649 650
N 77.8511608982 649 650
N 111.704605205 649 650
N 4.53822152989 649 650
N 2.27893396362 649 650
N 1.52077428787 649 650
N 1.14160010024 649 650
N 0.908433517063 649 650
N 16.0146044008 109 110
N 38.1898127379 109 110
N 92.7100580507 109 110
N 122.45614885 109 110
N 114.196807603 109 110
N 93.1398892058 109 110
N 74.6379002099 109 110
N 58.1245346467 109 110
N 0.228557259881 120 121
N 0.225097188602 120 121
N 0.27803841292 120 121
N 0.369559902859 120 121
N 0.560804471126 120 121
N 1.20633035488 120 121
N 42.7176265623 120 121
N 28.7294523379 120 121
N 38.1801782784 139 140
N 58.1347748102 139 140
N 96.2369214955 139 140
N 135.793449387 139 140
N 6.41594552379 139 140
N 3.17681007524 139 140
N 3.04810075959 139 140
N 2.93049162655 139 140
N 46.0380923678 148 149
N 67.4850122403 148 149
N 110.817204733 148 149
N 144.204697865 148 149
N 143.055452967 148 149
N 91.9605782987 148 149
N 40.7786143756 148 149
N 24.7414526444 148 149
N 28.5807846946 161 162
N 51.7596125273 161 162
N 114.103255982 161 162
N 140.146745895 161 162
N 133.099826058 161 162
N 3.83649083195 161 162
N 1.95146294046 161 162
N 1.30506011837 161 162
N 4.41675633868 175 176
N 4.49741998659 175 176
N 8.85349570103 175 176
N 117.972824547 175 176
N 113.916538822 175 176
N 87.2897624598 175 176
N 51.9210671419 175 176
N 32.746231167 175 176
N 41.1946959188 179 180
N 72.5516582027 179 180
N 111.637080232 179 180
N 130.098142235 179 180
N 125.123020674 179 180
N 89.8524367128 179 180
N 47.4106261987 179 180
N 29.093871726 179 180
N 76.8388160985 193 194
N 92.6485015654 193 194
N 108.674003658 193 194
N 112.626449174 193 194
N 100.716282254 193 194
N 83.2223679683 193 194
N 70.7899534115 193 194
N 61.1939967009 193 194
N 15.6854208122 205 206
N 30.5897872353 205 206
N 74.2258978471 205 206
N 113.748820437 205 206
N 105.275359742 205 206
N 71.3698083026 205 206
N 39.2253655448 205 206
N 22.3416130837 205 206
N 15.4327805068 211 212
N 42.8820942701 211 212
N 123.763516213 211 212
N 148.7535435 211 212
N 141.965884794 211 212
N 88.0167155278 211 212
N 45.0572449318 211 212
N 32.3342576119 211 212
N 27.7705457977 213 214
N 57.3447832552 213 214
N 113.649170405 213 214
N 138.400506261 213 214
N 129.525568918 213 214
N 92.94488932 213 214
N 47.6305176216 213 214
N 9.18978365661 213 214
N 76.2382010366 225 226
N 92.7805118109 225 226
N 108.163578564 225 226
N 110.585221645 225 226
N 96.3365184508 225 226
N 77.1610328003 225 226
N 62.844968209 225 226
N 51.2177866261 225 226
N 176.553843227 243 244
N 177.573204063 243 244
N 178.607488378 243 244
N 178.900187998 243 244
N 178.732708191 243 244
N 178.578880347 243 244
N 178.196888216 243 244
N 177.621334059 243 244
N 65.1968388079 261 262
N 86.3229499566 261 262
N 105.53823252 261 262
N 117.135109158 261 262
N 116.679232204 261 262
N 102.062383929 261 262
N 78.5089164039 261 262
N 59.6790741296 261 262
N 7.83468697039 272 273
N 27.3561966539 272 273
N 114.806515527 272 273
N 163.0733892 272 273
N 164.649711272 272 273
N 55.3337622905 272 273
N 29.6240122325 272 273
N 21.8131801468 272 273
N 72.629613573 279 280
N 92.4191858811 279 280
N 118.148545711 279 280
N 135.71075592 279 280
N 110.893863202 279 280
N 55.2689655321 279 280
N 26.7938440829 279 280
N 15.2436546755 279 280
N 37.8768829839 296 297
N 54.9081521376 296 297
N 88.8448464522 296 297
N 124.641365087 296 297
N 128.713121509 296 297
N 104.392975069 296 297
N 84.1854350547 296 297
N 70.3577719515 296 297
N 74.7303619801 304 305
N 89.9192329394 304 305
N 107.714798873 304 305
N 117.759278408 304 305
N 104.023253906 304 305
N 78.5101330591 304 305
N 60.3165041233 304 305
N 46.7910559094 304 305
N 38.99349526 314 315
N 56.311777712 314 315
N 79.7706980715 314 315
N 97.3779163135 314 315
N 94.4514005434 314 315
N 78.3608825565 314 315
N 59.0781872702 314 315
N 44.5705547437 314 315
N 19.3983347095 343 344
N 25.9756037496 343 344
N 39.2884221587 343 344
N 77.5165825979 343 344
N 110.363976045 343 344
N 86.5135513887 343 344
N 64.16357185 343 344
N 47.2213155442 343 344
N 0.591617119272 394 395
N 0.686543329165 394 395
N 0.816607729576 394 395
N 1.00483481914 394 395
N 1.31247741887 394 395
N 1.91706455193 394 395
N 3.66496225708 394 395
N 64.399340742 394 395
N 55.97026086 413 414
N 81.676223811 413 414
N 114.430817444 413 414
N 145.404966707 413 414
N 160.493151039 413 414
N 91.9186431377 413 414
N 52.0919058892 413 414
N 40.0470941889 413 414
N 75.7997895509 412 413
N 89.1250780666 412 413
N 104.319117635 412 413
N 114.296739587 412 413
N 96.8147008502 412 413
N 64.2001513782 412 413
N 40.9418468207 412 413
N 26.9968573031 412 413
N 80.4632697857 435 436
N 93.5722844061 435 436
N 117.803499249 435 436
N 149.098975666 435 436
N 152.733831126 435 436
N 54.3595265187 435 436
N 26.5263151352 435 436
N 15.6904311587 435 436
N 40.7449324496 443 444
N 61.2831674315 443 444
N 99.0293343388 443 444
N 132.91775366 443 444
N 134.098441878 443 444
N 87.5633000533 443 444
N 41.4069465136 443 444
N 23.7681982618 443 444
N 62.0214842921 458 459
N 82.961366008 458 459
N 112.131009125 458 459
N 121.96905723 458 459
N 108.084315347 458 459
N 84.6348666715 458 459
N 66.411831483 458 459
N 51.3336684817 458 459
N 62.0214842921 458 459
N 82.961366008 458 459
N 112.131009125 458 459
N 121.96905723 458 459
N 108.084315347 458 459
N 84.6348666715 458 459
N 66.411831483 458 459
N 51.3336684817 458 459
N 78.8170769816 473 474
N 91.8130679455 473 474
N 105.400298961 473 474
N 112.921036039 473 474
N 92.8210123474 473 474
N 60.1758776497 473 474
N 38.2970795426 473 474
N 24.5511385039 473 474
N 61.5230180933 474 475
N 89.8255145235 474 475
N 127.225331278 474 475
N 162.048121682 474 475
N 156.340559782 474 475
N 100.810562507 474 475
N 60.7313821002 474 475
N 43.1404426648 474 475
N 36.2348928245 484 485
N 56.777464384 484 485
N 127.510422708 484 485
N 157.365629803 484 485
N 138.973395121 484 485
N 90.3445091938 484 485
N 53.7199464259 484 485
N 39.483534705 484 485
N 49.4319220959 491 492
N 67.9799300932 491 492
N 113.818094994 491 492
N 139.327107651 491 492
N 130.399086127 491 492
N 102.662708689 491 492
N 78.5315870839 491 492
N 60.7028494318 491 492
N 74.049871519 500 501
N 89.3228685606 500 501
N 110.624329106 500 501
N 119.830729441 500 501
N 102.77755678 500 501
N 70.37956101 500 501
N 50.3823105732 500 501
N 39.72859177 500 501
N 74.4086950689 499 500
N 90.3304886549 499 500
N 107.485425403 499 500
N 113.04837589 499 500
N 102.701729789 499 500
N 82.1640495823 499 500
N 65.7632703094 499 500
N 51.7821354644 499 500
N 79.2668976137 519 520
N 92.9121611146 519 520
N 113.356453994 519 520
N 131.482283866 519 520
N 121.188018872 519 520
N 71.7552018759 519 520
N 40.054963392 519 520
N 27.2889867231 519 520
N 48.378085337 524 525
N 65.7173179902 524 525
N 90.0302015647 524 525
N 111.790302212 524 525
N 112.544947765 524 525
N 84.2539189026 524 525
N 53.8122119275 524 525
N 40.7416482195 524 525
N 60.3659110314 553 554
N 78.3416946089 553 554
N 103.771050555 553 554
N 126.969929581 553 554
N 131.573048602 553 554
N 103.732529903 553 554
N 63.0874964775 553 554
N 45.8687017855 553 554
N 35.9274556955 554 555
N 51.3173489706 554 555
N 85.7661089544 554 555
N 118.357322138 554 555
N 109.302388921 554 555
N 72.3111571163 554 555
N 36.0949208317 554 555
N 23.1572153257 554 555
N 53.867424765 574 575
N 80.8796919112 574 575
N 106.819123112 574 575
N 123.93457034 574 575
N 121.671234835 574 575
N 95.493588558 574 575
N 69.5065261005 574 575
N 54.8763556811 574 575
N 83.8831746568 573 574
N 96.3465504702 573 574
N 110.940830518 573 574
N 115.725382433 573 574
N 95.8335568135 573 574
N 64.4735223797 573 574
N 43.8638205145 573 574
N 32.9825376715 573 574
N 39.9029129059 579 580
N 63.0162440173 579 580
N 107.995172099 579 580
N 147.886321738 579 580
N 138.018847928 579 580
N 63.826707789 579 580
N 39.8105594336 579 580
N 30.9593907317 579 580
N 30.758806386 583 584
N 48.925100266 583 584
N 105.19773864 583 584
N 137.177758124 583 584
N 129.293141833 583 584
N 101.419325235 583 584
N 64.7334279961 583 584
N 41.6886643751 583 584
N 76.6112419575 592 593
N 94.1785987076 592 593
N 109.700895547 592 593
N 111.838620156 592 593
N 96.7884009434 592 593
N 75.6331260408 592 593
N 55.9833150449 592 593
N 41.9546590656 592 593
N 77.7951258434 593 594
N 94.3869137844 593 594
N 114.771369187 593 594
N 132.122442832 593 594
N 112.892722541 593 594
N 59.3148022544 593 594
N 29.1550675929 593 594
N 16.2074348736 593 594
N 59.4101595644 609 610
N 75.8910576648 609 610
N 103.307583558 609 610
N 123.553084508 609 610
N 116.379921333 609 610
N 86.0585765583 609 610
N 62.5629651877 609 610
N 50.1890631632 609 610
N 9.43748924324 626 627
N 14.1257865485 626 627
N 54.1666854569 626 627
N 153.610464769 626 627
N 136.503329436 626 627
N 110.546780914 626 627
N 90.4749052991 626 627
N 72.0319051407 626 627
N 70.4990863863 633 634
N 87.1543454234 633 634
N 104.436038361 633 634
N 119.30660845 633 634
N 120.331084944 633 634
N 98.8737908234 633 634
N 73.9339584316 633 634
N 57.2237776188 633 634
N 39.1125940715 640 641
N 58.8471917858 640 641
N 83.2399730513 640 641
N 98.8024035217 640 641
N 95.187982285 640 641
N 81.5326239174 640 641
N 64.8437815086 640 641
N 52.0232817241 640 641
N 55.3844572761 665 666
N 76.2707404968 665 666
N 112.727856763 665 666
N 139.831295819 665 666
N 133.369775243 665 666
N 89.8975515927 665 666
N 44.2051439213 665 666
N 26.7579876107 665 666
N 15.6260091497 109 110
N 37.7086074425 109 110
N 92.7564279493 109 110
N 122.920348752 109 110
N 114.61221273 109 110
N 93.672998725 109 110
N 75.2025270796 109 110
N 58.6240502637 109 110
N 42.7968842394 120 121
N 64.8912988836 120 121
N 109.033570339 120 121
N 139.531742897 120 121
N 125.990441816 120 121
N 86.5306959487 120 121
N 50.2696059566 120 121
N 32.7351602097 120 121
N 38.4799676408 139 140
N 59.6565203697 139 140
N 97.3126154107 139 140
N 135.999668306 139 140
N 151.705544187 139 140
N 83.2599888047 139 140
N 12.4171665405 139 140
N 8.98945884378 139 140
N 46.093636134 148 149
N 67.3826942833 148 149
N 110.589024019 148 149
N 144.277674916 148 149
N 143.466567641 148 149
N 91.9046001093 148 149
N 40.3292472872 148 149
N 24.3806097969 148 149
N 27.4278918412 161 162
N 49.6475714463 161 162
N 115.548323347 161 162
N 141.441670052 161 162
N 133.257846023 161 162
N 98.9643616837 161 162
N 54.0718811863 161 162
N 33.0574247056 161 162
N 57.4646266012 175 176
N 77.5808309217 175 176
N 102.571512494 175 176
N 117.686982387 175 176
N 113.800730532 175 176
N 87.5508652655 175 176
N 52.5521492299 175 176
N 33.3510941542 175 176
N 43.4846351332 179 180
N 73.9393621461 179 180
N 110.568677334 179 180
N 128.099078404 179 180
N 123.15044905 179 180
N 88.8210077512 179 180
N 47.0720590769 179 180
N 28.8500519026 179 180
N 77.562997475 193 194
N 93.4972924824 193 194
N 109.384368381 193 194
N 112.942550485 193 194
N 101.02521723 193 194
N 83.8381218098 193 194
N 71.6687775034 193 194
N 62.0225638455 193 194
N 33.3990751884 213 214
N 50.9416301333 213 214
N 91.3159691478 213 214
N 128.580373504 213 214
N 124.734533258 213 214
N 94.3100685593 213 214
N 59.4851340711 213 214
N 39.0444839976 213 214
N 76.9128945287 225 226
N 93.3215140967 225 226
N 108.478953818 225 226
N 110.926900248 225 226
N 96.9007405211 225 226
N 77.8841845677 225 226
N 63.5927679394 225 226
N 51.8923758674 225 226
N 45.8928000802 243 244
N 70.8025284425 243 244
N 109.363679641 243 244
N 128.223556786 243 244
N 120.369617489 243 244
N 94.5157156651 243 244
N 54.5445092937 243 244
N 33.9460138418 243 244
N 67.3823872033 261 262
N 88.7486616638 261 262
N 109.368872867 261 262
N 122.625783567 261 262
N 117.144612743 261 262
N 92.9141784251 261 262
N 63.0543553895 261 262
N 46.1160578383 261 262
N 26.3261168497 272 273
N 43.782705573 272 273
N 86.1764582754 272 273
N 152.140886705 272 273
N 158.792608927 272 273
N 79.0923980774 272 273
N 42.1429168887 272 273
N 29.4440837138 272 273
N 73.1749556203 279 280
N 93.0657193496 279 280
N 119.019904282 279 280
N 136.767519372 279 280
N 111.937096544 279 280
N 56.5469936255 279 280
N 27.6683659744 279 280
N 15.873626891 279 280
N 38.1356824908 297 298
N 56.1383796313 297 298
N 79.5407333036 297 298
N 95.2481651604 297 298
N 93.1410670117 297 298
N 83.5453081303 297 298
N 71.569560566 297 298
N 61.2827469211 297 298
N 74.2957031693 304 305
N 90.1721699969 304 305
N 108.756003076 304 305
N 118.613394453 304 305
N 104.054455265 304 305
N 77.9622338765 304 305
N 59.6957029468 304 305
N 46.2943287292 304 305
N 35.4671299261 313 314
N 52.1696905635 313 314
N 113.169694739 313 314
N 160.79100447 313 314
N 134.816904257 313 314
N 108.968127966 313 314
N 88.4704347429 313 314
N 71.7844515256 313 314
N 79.7629777252 321 322
N 95.3759974248 321 322
N 115.140236514 321 322
N 126.983856211 321 322
N 107.234675556 321 322
N 54.29440267 321 322
N 31.0216129526 321 322
N 22.0461564323 321 322
N 35.8769770504 325 326
N 59.5191939197 325 326
N 91.6465374249 325 326
N 112.323778765 325 326
N 106.379897421 325 326
N 87.3891581747 325 326
N 64.035524655 325 326
N 47.9886351044 325 326
N 74.9359519117 335 336
N 92.2330070238 335 336
N 112.770351397 335 336
N 120.43660458 335 336
N 104.679714002 335 336
N 80.2265530503 335 336
N 63.7150938622 335 336
N 50.4443271276 335 336
N 81.1959685486 334 335
N 97.4088700032 334 335
N 113.976865141 334 335
N 117.741545831 334 335
N 103.889877616 334 335
N 82.8691138512 334 335
N 66.5800423913 334 335
N 51.91018414 334 335
N 41.3907334395 348 349
N 70.1651566207 348 349
N 113.628733488 348 349
N 140.363439129 348 349
N 119.93148566 348 349
N 66.1855967242 348 349
N 40.9449018544 348 349
N 31.2083095991 348 349
N 35.5808720677 393 394
N 52.5265186639 393 394
N 87.3685858485 393 394
N 126.425523991 393 394
N 150.758498544 393 394
N 25.9456367513 393 394
N 13.1858036489 393 394
N 10.9873708407 393 394
N 56.2975380497 413 414
N 81.6561454498 413 414
N 113.902641456 413 414
N 144.833855211 413 414
N 159.880174953 413 414
N 91.9693162029 413 414
N 52.0198670022 413 414
N 39.8067753158 413 414
N 77.043629318 412 413
N 89.98681219 412 413
N 104.674028217 412 413
N 114.394322565 412 413
N 97.232347048 412 413
N 64.9925914685 412 413
N 41.6904323072 412 413
N 27.546865025 412 413
N 80.4207927337 435 436
N 93.4393571787 435 436
N 117.612106306 435 436
N 148.675848377 435 436
N 152.655498821 435 436
N 53.193903252 435 436
N 26.0251806669 435 436
N 15.3459278315 435 436
N 30.2754981548 443 444
N 49.9586235135 443 444
N 96.6966790456 443 444
N 144.085930596 443 444
N 144.057691517 443 444
N 86.0757416141 443 444
N 39.0509263217 443 444
N 22.4698336629 443 444
N 61.9879760301 458 459
N 82.5285328357 458 459
N 111.362628542 458 459
N 121.146720174 458 459
N 107.343671503 458 459
N 83.9311112392 458 459
N 65.7437465363 458 459
N 50.7020235694 458 459
N 61.9879760301 458 459
N 82.5285328357 458 459
N 111.362628542 458 459
N 121.146720174 458 459
N 107.343671503 458 459
N 83.9311112392 458 459
N 65.7437465363 458 459
N 50.7020235694 458 459
N 78.6731677959 473 474
N 92.3859166793 473 474
N 107.015703471 473 474
N 115.482931414 473 474
N 94.6118601424 473 474
N 60.70094226 473 474
N 38.3957366863 473 474
N 24.6030597253 473 474
N 59.4086074513 474 475
N 88.2362195289 474 475
N 126.344768969 474 475
N 160.932789914 474 475
N 157.45136543 474 475
N 101.247816318 474 475
N 60.0181541169 474 475
N 42.4563051494 474 475
N 37.2885070308 484 485
N 58.1511426546 484 485
N 126.86356959 484 485
N 156.916554188 484 485
N 140.531251293 484 485
N 93.1927938388 484 485
N 55.1014638503 484 485
N 40.82402967 484 485
N 60.351735938 493 494
N 73.9215937142 493 494
N 86.5562329828 493 494
N 94.4458312706 493 494
N 89.9136616469 493 494
N 75.2785401154 493 494
N 63.3789385519 493 494
N 51.5239748837 493 494
N 73.7342349545 500 501
N 89.1781344212 500 501
N 110.677849574 500 501
N 120.236841038 500 501
N 103.563710711 500 501
N 70.7042289142 500 501
N 50.3738291685 500 501
N 39.6187107749 500 501
N 74.2093170464 499 500
N 90.7183649044 499 500
N 108.337342317 499 500
N 113.745256987 499 500
N 102.942690585 499 500
N 82.1107521561 499 500
N 65.6899863915 499 500
N 51.7316192551 499 500
N 79.5209778229 519 520
N 93.0595978211 519 520
N 113.460536583 519 520
N 131.769836583 519 520
N 121.303291644 519 520
N 71.3355543376 519 520
N 39.8182406416 519 520
N 27.1540526813 519 520
N 47.6477704547 524 525
N 64.9022683513 524 525
N 89.3508963236 524 525
N 111.391248352 524 525
N 112.975308448 524 525
N 85.873014413 524 525
N 56.5330289487 524 525
N 42.9807708186 524 525
N 60.543170178 553 554
N 78.6552032212 553 554
N 105.017745267 553 554
N 129.322207727 553 554
N 134.016153557 553 554
N 106.095753762 553 554
N 64.1880675344 553 554
N 46.2338593808 553 554
N 35.3236274381 554 555
N 50.4950369186 554 555
N 84.0873245448 554 555
N 118.087640111 554 555
N 110.249919931 554 555
N 73.2582632255 554 555
N 36.3606237662 554 555
N 23.2952438796 554 555
N 55.3630998002 574 575
N 81.0181184047 574 575
N 105.768340824 574 575
N 123.019015187 574 575
N 120.899201953 574 575
N 93.8562075809 574 575
N 67.2908829675 574 575
N 53.072602128 574 575
N 80.6774189184 573 574
N 93.2483001026 573 574
N 108.174456046 573 574
N 114.285116969 573 574
N 95.6310274082 573 574
N 65.7133548329 573 574
N 45.2353626857 573 574
N 34.0190183126 573 574
N 36.9691689393 579 580
N 59.3463621247 579 580
N 113.661705808 579 580
N 135.59772891 579 580
N 116.443321278 579 580
N 78.5172769498 579 580
N 54.3996618075 579 580
N 43.1171898715 579 580
N 79.5818577741 593 594
N 96.4179716004 593 594
N 117.54983843 593 594
N 136.059742695 593 594
N 115.927312587 593 594
N 59.2629971452 593 594
N 28.6496089714 593 594
N 15.5622813237 593 594
N 63.7732242575 609 610
N 79.7703384063 609 610
N 108.939500681 609 610
N 129.536973578 609 610
N 118.213950724 609 610
N 85.2711501184 609 610
N 61.8310232308 609 610
N 49.6142104155 609 610
N 14.4247908504 626 627
N 23.5287267081 626 627
N 83.9001340143 626 627
N 159.232703593 626 627
N 138.443373318 626 627
N 110.299817475 626 627
N 89.3070415994 626 627
N 71.0251702634 626 627
N 38.9585274279 634 635
N 60.6064396916 634 635
N 112.034408285 634 635
N 139.371254716 634 635
N 127.281851998 634 635
N 82.4470557917 634 635
N 48.5575598139 634 635
N 34.3520014809 634 635
N 39.6653067798 640 641
N 59.5542703503 640 641
N 83.9122822592 640 641
N 99.3633934531 640 641
N 95.7382018071 640 641
N 82.0378508071 640 641
N 65.1359742876 640 641
N 52.1553197268 640 641
N 65.4402887477 665 666
N 86.6178588424 665 666
N 112.139701138 665 666
N 133.629738392 665 666
N 131.286943209 665 666
N 88.7279396142 665 666
N 39.9629582184 665 666
N 23.581008524 665 666
N 75.0179045771 89 90
N 95.0738254777 89 90
N 122.786808805 89 90
N 145.471363006 89 90
N 145.458299538 89 90
N 53.5600374838 89 90
N 28.7387162823 89 90
N 19.5904503008 89 90
N 73.2352790425 100 101
N 89.6153777471 100 101
N 107.664583321 100 101
N 125.375212792 100 101
N 123.38930919 100 101
N 78.985269406 100 101
N 47.6380597739 100 101
N 33.6540754553 100 101
N 68.4071265562 123 124
N 89.4442283952 123 124
N 110.310764474 123 124
N 116.543519291 123 124
N 101.595816991 123 124
N 73.7575739625 123 124
N 50.8616976985 123 124
N 35.8865780584 123 124
N 48.6892821551 129 130
N 72.9594738839 129 130
N 119.369323547 129 130
N 146.842838265 129 130
N 144.226720394 129 130
N 94.4576018191 129 130
N 41.7659904784 129 130
N 24.9778828837 129 130
N 38.3440020949 142 143
N 63.3528976733 142 143
N 111.181586587 142 143
N 135.075328517 142 143
N 131.163307444 142 143
N 101.312586728 142 143
N 53.6156036029 142 143
N 31.2470070556 142 143
N 52.0468237831 156 157
N 74.840673511 156 157
N 120.167417863 156 157
N 152.102526654 156 157
N 145.328233119 156 157
N 98.1935473037 156 157
N 53.2933988162 156 157
N 36.037889075 156 157
N 43.5183001698 161 162
N 60.226571605 161 162
N 78.8772303963 161 162
N 92.4151989906 161 162
N 89.7373555515 161 162
N 78.7934201741 161 162
N 66.5747664331 161 162
N 57.0672508719 161 162
N 47.9433579982 176 177
N 70.6241815982 176 177
N 112.805708699 176 177
N 140.003460635 176 177
N 138.190065688 176 177
N 90.1056448228 176 177
N 42.6148395333 176 177
N 27.777912529 176 177
N 43.0078453634 193 194
N 62.3662643046 193 194
N 93.6883623817 193 194
N 121.111444796 193 194
N 121.246037613 193 194
N 93.2293056643 193 194
N 58.2226486909 193 194
N 38.6034930093 193 194
N 78.0330319623 206 207
N 93.1440508902 206 207
N 109.312318781 206 207
N 114.043097264 206 207
N 100.476298704 206 207
N 77.9519066809 206 207
N 60.7488553677 206 207
N 47.7210927925 206 207
N 43.8365185248 223 224
N 64.0534209809 223 224
N 116.909894026 223 224
N 145.998050484 223 224
N 138.032036785 223 224
N 100.406375963 223 224
N 37.8198319628 223 224
N 19.7108088196 223 224
N 73.9214506655 241 242
N 91.7045082564 241 242
N 109.355885405 241 242
N 118.930060324 241 242
N 111.174243068 241 242
N 83.5634199719 241 242
N 55.8855294318 241 242
N 41.2883960005 241 242
N 25.2042773987 275 276
N 44.3389326658 275 276
N 93.8527073157 275 276
N 132.124446449 275 276
N 126.486740933 275 276
N 100.875789826 275 276
N 67.785972346 275 276
N 45.454516336 275 276
N 86.0681058232 287 288
N 98.420683489 287 288
N 112.921248313 287 288
N 125.866884344 287 288
N 122.751317505 287 288
N 82.2006420758 287 288
N 47.2442871615 287 288
N 34.4184937523 287 288
N 37.6393452342 295 296
N 61.7278208147 295 296
N 117.527303181 295 296
N 151.218860166 295 296
N 143.359565499 295 296
N 93.2880963022 295 296
N 47.9554023725 295 296
N 28.1651733017 295 296
N 48.7287277381 306 307
N 73.1166434949 306 307
N 115.533618103 306 307
N 143.261178272 306 307
N 139.96135345 306 307
N 92.2477429596 306 307
N 45.7287148708 306 307
N 28.6368885449 306 307
N 55.3629118833 311 312
N 73.3491058411 311 312
N 96.7904895856 311 312
N 117.776140127 311 312
N 116.867540823 311 312
N 97.3021069047 311 312
N 74.8781913732 311 312
N 61.1230238955 311 312
N 39.9158922178 332 333
N 68.5355646595 332 333
N 106.491680354 332 333
N 129.137325657 332 333
N 127.557748241 332 333
N 103.924042736 332 333
N 80.5247019203 332 333
N 66.5127118003 332 333
N 79.9681076686 331 332
N 94.9525991538 331 332
N 112.79437607 331 332
N 122.909413686 331 332
N 102.114193478 331 332
N 60.6638838059 331 332
N 36.2632202292 331 332
N 25.7946156829 331 332
N 80.3981543158 345 346
N 96.4415264485 345 346
N 116.769185261 345 346
N 122.118090139 345 346
N 104.303137248 345 346
N 79.4431424006 345 346
N 63.9756819317 345 346
N 53.1365474535 345 346
N 23.5816295683 362 363
N 46.1691527699 362 363
N 106.034616938 362 363
N 134.681370227 362 363
N 125.234882253 362 363
N 89.3045781695 362 363
N 45.9476115064 362 363
N 25.9384946667 362 363
N 64.344490601 381 382
N 83.7535063139 381 382
N 104.956019507 381 382
N 120.571235612 381 382
N 107.222259113 381 382
N 65.205756611 381 382
N 33.4798115633 381 382
N 19.7417706704 381 382
N 64.344490601 381 382
N 83.7535063139 381 382
N 104.956019507 381 382
N 120.571235612 381 382
N 107.222259113 381 382
N 65.205756611 381 382
N 33.4798115633 381 382
N 19.7417706704 381 382
N 8.7769354381 405 406
N 35.0905805073 405 406
N 119.013238748 405 406
N 124.738695069 405 406
N 108.118381942 405 406
N 84.9112163893 405 406
N 63.9690906569 405 406
N 47.9537102424 405 406
N 49.3717272849 415 416
N 72.0632330604 415 416
N 104.828225045 415 416
N 114.943620478 415 416
N 106.045521529 415 416
N 86.964202975 415 416
N 74.2235211551 415 416
N 63.4142931096 415 416
N 78.9493034746 428 429
N 93.0278443214 428 429
N 107.81455274 428 429
N 112.297393433 428 429
N 100.55359796 428 429
N 78.261588145 428 429
N 60.1997314329 428 429
N 46.0878473146 428 429
N 66.2329461858 430 431
N 83.1865819309 430 431
N 101.924749 430 431
N 108.809136089 430 431
N 99.7017212082 430 431
N 81.4659437318 430 431
N 69.4845538211 430 431
N 59.1632289515 430 431
N 75.0015988013 454 455
N 93.0221467831 454 455
N 110.635219895 454 455
N 114.531149694 454 455
N 101.662057318 454 455
N 81.6049252737 454 455
N 68.8447787242 454 455
N 57.3653540258 454 455
N 46.3692431878 458 459
N 70.3990531601 458 459
N 108.406667298 458 459
N 137.861541302 458 459
N 129.837044692 458 459
N 97.9752694652 458 459
N 59.862351182 458 459
N 38.854666554 458 459
N 33.6730008694 491 492
N 56.9520402613 491 492
N 142.734675392 491 492
N 165.53812212 491 492
N 157.54211458 491 492
N 61.1550963067 491 492
N 32.5324200002 491 492
N 26.2568195404 491 492
N 36.4446196475 494 495
N 61.0824001171 494 495
N 96.3534424742 494 495
N 120.312956741 494 495
N 109.030878718 494 495
N 63.936842035 494 495
N 34.5779844899 494 495
N 23.0418472689 494 495
N 74.2268836 506 507
N 90.083080598 506 507
N 109.591407908 506 507
N 117.182725476 506 507
N 104.759604226 506 507
N 80.1916226191 506 507
N 62.0697691054 506 507
N 49.2960389566 506 507
N 74.889444362 505 506
N 91.2557306967 505 506
N 106.056151787 505 506
N 110.733267789 505 506
N 99.9340297282 505 506
N 79.5641831698 505 506
N 64.6359269469 505 506
N 52.3502642664 505 506
N 64.2346859797 524 525
N 79.1286865181 524 525
N 103.184013904 524 525
N 131.402308028 524 525
N 145.987765795 524 525
N 107.125042844 524 525
N 55.3701562278 524 525
N 40.5663439601 524 525
N 40.7139744095 526 527
N 64.2566798158 526 527
N 104.825567885 526 527
N 141.656125455 526 527
N 140.248305034 526 527
N 94.8589534494 526 527
N 61.4614592555 526 527
N 47.4388017462 526 527
N 59.0980996201 546 547
N 78.5284365462 546 547
N 107.55637724 546 547
N 144.837561712 546 547
N 148.237581606 546 547
N 88.7676300204 546 547
N 53.6500162122 546 547
N 39.3118063075 546 547
N 32.0855986422 555 556
N 64.028352519 555 556
N 112.752987152 555 556
N 127.651736679 555 556
N 119.885043546 555 556
N 94.5607232201 555 556
N 62.739171075 555 556
N 43.9414160166 555 556
N 74.3599365341 564 565
N 90.883355694 564 565
N 107.842146559 564 565
N 114.0633356 564 565
N 99.0412500108 564 565
N 76.5258374545 564 565
N 55.2953816284 564 565
N 42.2150751401 564 565
N 71.3869759729 565 566
N 91.0726401339 565 566
N 114.144322269 565 566
N 128.111665516 565 566
N 105.949504626 565 566
N 61.5852721873 565 566
N 33.5365197091 565 566
N 21.5184274523 565 566
N 28.6574059001 581 582
N 56.4762984098 581 582
N 93.2389222727 581 582
N 105.904988347 581 582
N 94.5187124243 581 582
N 68.8460123581 581 582
N 48.6924209111 581 582
N 36.0180878226 581 582
N 41.7538570895 604 605
N 62.3122302809 604 605
N 102.148467034 604 605
N 134.595838786 604 605
N 136.356126781 604 605
N 111.803518414 604 605
N 84.0378392197 604 605
N 67.1084262313 604 605
N 65.5417984391 613 614
N 79.0372276638 613 614
N 107.687868968 613 614
N 146.813069481 613 614
N 167.274230313 613 614
N 99.2477483085 613 614
N 53.30388997 613 614
N 39.6650719694 613 614
N 8.02784240818 614 615
N 24.8351279902 614 615
N 81.3207368231 614 615
N 112.886472695 614 615
N 103.070032158 614 615
N 81.9717064104 614 615
N 63.2658653896 614 615
N 48.9055604634 614 615
