N 53.5929293747 6 7
N 77.8051936928 6 7
N 106.362925846 6 7
N 122.543383801 6 7
N 102.202744741 6 7
N 62.1414399422 6 7
N 38.258130806 6 7
N 26.6905793864 6 7
N 30.9401239812 33 34
N 63.811997836 33 34
N 111.251519576 33 34
N 127.047343785 33 34
N 122.97514578 33 34
N 95.9917589833 33 34
N 63.5885640518 33 34
N 43.2719121259 33 34
N 44.3728118121 40 41
N 67.858211426 40 41
N 108.60313492 40 41
N 145.921376454 40 41
N 139.663636787 40 41
N 89.281880917 40 41
N 46.9335249878 40 41
N 29.9474479704 40 41
N 45.645141785 65 66
N 68.4748467932 65 66
N 105.734226624 65 66
N 136.125159426 65 66
N 128.196458716 65 66
N 60.3263130014 65 66
N 28.6413064593 65 66
N 16.9136302777 65 66
N 21.1377446248 68 69
N 41.729511095 68 69
N 96.7063054128 68 69
N 123.055028153 68 69
N 106.718181478 68 69
N 63.7405248054 68 69
N 37.2985548447 68 69
N 26.4478704229 68 69
N 81.6577371989 78 79
N 94.2557924261 78 79
N 105.551934998 78 79
N 108.716261887 78 79
N 98.2748959843 78 79
N 78.9192929323 78 79
N 64.7844948059 78 79
N 52.0351654729 78 79
N 41.4680033075 82 83
N 71.0011398508 82 83
N 113.231408256 82 83
N 137.519149581 82 83
N 129.365386521 82 83
N 95.9907725472 82 83
N 51.2446365069 82 83
N 30.7975382276 82 83
N 38.578960661 109 110
N 61.6408590427 109 110
N 101.594863962 109 110
N 125.121736647 109 110
N 120.984318836 109 110
N 90.0393169003 109 110
N 52.6281339139 109 110
N 33.3894961592 109 110
N 38.578960661 109 110
N 61.6408590427 109 110
N 101.594863962 109 110
N 125.121736647 109 110
N 120.984318836 109 110
N 90.0393169003 109 110
N 52.6281339139 109 110
N 33.3894961592 109 110
N 27.2849024099 115 116
N 61.3976148436 115 116
N 110.585682084 115 116
N 119.887699484 115 116
N 108.897019529 115 116
N 90.3194188862 115 116
N 71.5821604184 115 116
N 52.4941260002 115 116
N 52.3548745228 126 127
N 76.5368027073 126 127
N 112.720991 126 127
N 134.221403819 126 127
N 130.728544689 126 127
N 92.1630578385 126 127
N 41.7875130503 126 127
N 23.5526702208 126 127
N 41.1325986338 151 152
N 71.2177990936 151 152
N 111.376479664 151 152
N 139.806439334 151 152
N 143.143235204 151 152
N 100.739462137 151 152
N 65.6085919879 151 152
N 50.4131798134 151 152
N 22.1081217758 159 160
N 47.242654374 159 160
N 114.006586672 159 160
N 124.581973314 159 160
N 107.371741343 159 160
N 80.227467858 159 160
N 55.2914471968 159 160
N 37.7747506563 159 160
N 50.9849722208 181 182
N 74.932778217 181 182
N 107.965373075 181 182
N 123.687187629 181 182
N 101.337994956 181 182
N 59.7732113023 181 182
N 32.5752529278 181 182
N 19.3558594444 181 182
N 31.1414469415 184 185
N 51.2581391377 184 185
N 88.2624309663 184 185
N 110.272225491 184 185
N 98.5651680402 184 185
N 61.7441019211 184 185
N 37.0813069763 184 185
N 25.5965364951 184 185
N 70.3148861456 191 192
N 86.4898962298 191 192
N 102.879908597 191 192
N 109.297230453 191 192
N 101.658866635 191 192
N 85.5139237153 191 192
N 73.6727173832 191 192
N 63.2068640484 191 192
N 26.0506994556 203 204
N 49.8316932156 203 204
N 106.457614342 203 204
N 118.738188992 203 204
N 101.52386171 203 204
N 80.000083037 203 204
N 64.9915502591 203 204
N 52.583302778 203 204
N 75.4094731912 221 222
N 88.7370121189 221 222
N 101.307809 221 222
N 107.408548217 221 222
N 99.9868807259 221 222
N 83.9465815496 221 222
N 71.1707511711 221 222
N 61.017474234 221 222
N 11.1487569476 230 231
N 21.4750356532 230 231
N 140.100895343 230 231
N 155.671079887 230 231
N 134.188431007 230 231
N 96.6082634292 230 231
N 51.7011797692 230 231
N 30.5614409861 230 231
N 41.7383097502 241 242
N 63.7031193382 241 242
N 114.474740576 241 242
N 148.843302278 241 242
N 139.575470205 241 242
N 80.011350194 241 242
N 39.7466248806 241 242
N 26.4059160732 241 242
N 4.74220474292 6 7
N 6.28507177119 6 7
N 9.30694137366 6 7
N 17.1655340587 6 7
N 97.1991471452 6 7
N 58.0737463168 6 7
N 35.5878381855 6 7
N 25.4539158089 6 7
N 71.0669218016 31 32
N 88.5666703376 31 32
N 104.451051266 31 32
N 111.742262783 31 32
N 98.0546233085 31 32
N 72.75871152 31 32
N 50.1926024719 31 32
N 35.7573035731 31 32
N 41.5239320908 40 41
N 65.1220230698 40 41
N 108.032467127 40 41
N 143.446083317 40 41
N 136.883488563 40 41
N 87.7988210776 40 41
N 43.5778944461 40 41
N 26.8992835526 40 41
N 47.5145526133 65 66
N 69.5661694607 65 66
N 107.113465473 65 66
N 134.277707156 65 66
N 117.922164241 65 66
N 66.1792969689 65 66
N 37.7613328004 65 66
N 24.1993340763 65 66
N 25.7358491146 68 69
N 45.5584540044 68 69
N 90.8146791383 68 69
N 122.609681059 68 69
N 113.616535928 68 69
N 65.3186930261 68 69
N 35.1448608726 68 69
N 23.9441203965 68 69
N 47.9581848691 80 81
N 69.8983892199 80 81
N 125.377056366 80 81
N 153.040558722 80 81
N 147.42834908 80 81
N 99.4065505788 80 81
N 49.266028834 80 81
N 34.9761394236 80 81
N 37.0376373879 82 83
N 64.3741241962 82 83
N 108.786842209 82 83
N 135.581327708 82 83
N 129.664013516 82 83
N 99.9956522216 82 83
N 55.7120692601 82 83
N 33.5625521723 82 83
N 47.139417707 109 110
N 72.8141972077 109 110
N 109.866727518 109 110
N 130.379229551 109 110
N 125.778244853 109 110
N 89.0761788223 109 110
N 47.5991001692 109 110
N 29.5557159396 109 110
N 47.139417707 109 110
N 72.8141972077 109 110
N 109.866727518 109 110
N 130.379229551 109 110
N 125.778244853 109 110
N 89.0761788223 109 110
N 47.5991001692 109 110
N 29.5557159396 109 110
N 12.4169831941 115 116
N 40.921259673 115 116
N 111.521284401 115 116
N 123.501794934 115 116
N 112.865179411 115 116
N 96.0070640554 115 116
N 79.5376617163 115 116
N 62.3377530244 115 116
N 59.4999308438 126 127
N 82.9762156641 126 127
N 111.913845107 126 127
N 129.796535792 126 127
N 127.722988543 126 127
N 91.2264391922 126 127
N 41.0910927931 126 127
N 23.4977270081 126 127
N 78.5236215405 150 151
N 91.6745117856 150 151
N 109.99160847 150 151
N 126.838229765 150 151
N 108.998024526 150 151
N 63.0196335791 150 151
N 36.1058733678 150 151
N 22.9367523125 150 151
N 9.66774003805 159 160
N 25.230312879 159 160
N 119.040127928 159 160
N 125.346167588 159 160
N 110.744407853 159 160
N 89.2368265137 159 160
N 66.4615381551 159 160
N 46.2224874508 159 160
N 55.5201076102 181 182
N 76.6603656808 181 182
N 103.220210506 181 182
N 115.54136793 181 182
N 94.1525994114 181 182
N 57.2314041041 181 182
N 34.9901569686 181 182
N 22.7037973644 181 182
N 31.4235780189 184 185
N 50.1677963951 184 185
N 87.9049527375 184 185
N 116.669128095 184 185
N 110.49735809 184 185
N 64.5480610408 184 185
N 34.8412766724 184 185
N 22.9862474925 184 185
N 80.0844711656 196 197
N 91.464401602 196 197
N 111.623548196 196 197
N 137.705123339 196 197
N 146.469478859 196 197
N 80.4052852478 196 197
N 40.5440345041 196 197
N 27.4196614901 196 197
N 71.1198958604 202 203
N 91.5995871599 202 203
N 119.544627328 202 203
N 137.028134769 202 203
N 119.32984148 202 203
N 75.6821256875 202 203
N 50.4827224796 202 203
N 37.5248789799 202 203
N 71.873117342 223 224
N 85.1281201059 223 224
N 99.3528544645 223 224
N 107.39155451 223 224
N 100.648955401 223 224
N 83.0901915428 223 224
N 67.7848902364 223 224
N 56.3669291775 223 224
N 12.2655349058 230 231
N 25.457829509 230 231
N 126.334274005 230 231
N 150.665626664 230 231
N 132.592534354 230 231
N 96.5781539366 230 231
N 51.7434573964 230 231
N 31.005583135 230 231
N 42.0383079568 241 242
N 61.3715080149 241 242
N 116.738943981 241 242
N 154.140268699 241 242
N 148.885958173 241 242
N 77.4607627351 241 242
N 26.7481157563 241 242
N 17.0327470967 241 242
N 33.7836995914 6 7
N 87.5458721847 6 7
N 108.8112207 6 7
N 122.155532538 6 7
N 101.919931109 6 7
N 58.3601871836 6 7
N 34.3759419557 6 7
N 24.2472615102 6 7
N 72.8050097306 32 33
N 89.8141634397 32 33
N 115.578431061 32 33
N 137.796135647 32 33
N 121.353768643 32 33
N 56.912262671 32 33
N 32.5002148793 32 33
N 22.9501841378 32 33
N 42.9350773364 40 41
N 68.3022621563 40 41
N 111.222321714 40 41
N 139.780483635 40 41
N 129.093799258 40 41
N 86.3327752569 40 41
N 44.512999644 40 41
N 26.9055745168 40 41
N 59.8826150414 61 62
N 80.3287556659 61 62
N 105.775792397 61 62
N 114.516145082 61 62
N 100.916357912 61 62
N 80.7378215279 61 62
N 68.289536537 61 62
N 57.9970715485 61 62
N 27.5916868882 68 69
N 48.34811335 68 69
N 93.7480195418 68 69
N 124.410991049 68 69
N 110.967493 68 69
N 56.140067035 68 69
N 28.5771596099 68 69
N 19.8876194686 68 69
N 80.0137545218 79 80
N 94.571006767 79 80
N 113.151089098 79 80
N 130.482418567 79 80
N 125.904185068 79 80
N 84.3467239787 79 80
N 54.4479158743 79 80
N 39.9340494439 79 80
N 40.2527216712 82 83
N 69.4354673209 82 83
N 111.162908444 82 83
N 135.477543622 82 83
N 129.619754584 82 83
N 98.6973121962 82 83
N 54.6824195607 82 83
N 32.7063187816 82 83
N 46.3545111105 109 110
N 71.0598997878 109 110
N 108.446533412 109 110
N 130.109905192 109 110
N 125.659900495 109 110
N 92.5554279861 109 110
N 52.6585463351 109 110
N 33.905027041 109 110
N 46.3545111105 109 110
N 71.0598997878 109 110
N 108.446533412 109 110
N 130.109905192 109 110
N 125.659900495 109 110
N 92.5554279861 109 110
N 52.6585463351 109 110
N 33.905027041 109 110
N 31.261857327 115 116
N 60.3215228372 115 116
N 106.187814918 115 116
N 120.635461022 115 116
N 110.341410009 115 116
N 91.8632587874 115 116
N 73.9663879543 115 116
N 56.0579890769 115 116
N 57.4072728619 126 127
N 81.9173403693 126 127
N 114.728774053 126 127
N 134.684075861 126 127
N 134.471544029 126 127
N 86.1853893662 126 127
N 29.6041900507 126 127
N 15.8626085734 126 127
N 72.3115819403 150 151
N 88.4797113359 150 151
N 112.217369351 150 151
N 136.641661359 150 151
N 126.221895584 150 151
N 68.4008815221 150 151
N 32.7203267146 150 151
N 18.6659460014 150 151
N 17.8434870417 159 160
N 40.7392010585 159 160
N 116.873933758 159 160
N 124.330538586 159 160
N 108.701268212 159 160
N 84.2617361323 159 160
N 61.0158010829 159 160
N 42.1880767863 159 160
N 54.3986191654 181 182
N 76.3837324963 181 182
N 104.418902963 181 182
N 117.175507851 181 182
N 94.9745436777 181 182
N 56.3693650408 181 182
N 34.026037808 181 182
N 22.4619311676 181 182
N 34.1494440476 184 185
N 53.6279721756 184 185
N 90.0170637212 184 185
N 118.756734761 184 185
N 109.548163363 184 185
N 75.2444634595 184 185
N 50.9876711458 184 185
N 36.1148414697 184 185
N 79.2743846633 196 197
N 89.5867520613 196 197
N 106.569233704 196 197
N 129.118651396 196 197
N 141.301041342 196 197
N 76.9679050206 196 197
N 40.4292565616 196 197
N 29.5105294355 196 197
N 35.3223598195 201 202
N 54.0828977788 201 202
N 78.7733363284 201 202
N 93.950501825 201 202
N 89.5496991106 201 202
N 75.4859798489 201 202
N 58.3631075605 201 202
N 42.9569531243 201 202
N 67.7151851029 224 225
N 80.9870841828 224 225
N 95.7646290633 224 225
N 105.413024963 224 225
N 101.145898844 224 225
N 86.6630346755 224 225
N 72.2988871045 224 225
N 61.8649381324 224 225
N 7.70381131162 230 231
N 14.7508486328 230 231
N 151.562428665 230 231
N 156.11846796 230 231
N 132.845957441 230 231
N 96.5911018569 230 231
N 54.3225906599 230 231
N 33.6152356385 230 231
N 47.2829409745 241 242
N 66.2826812325 241 242
N 112.053339621 241 242
N 145.146748761 241 242
N 140.148438377 241 242
N 91.812811217 241 242
N 34.3766432679 241 242
N 19.7837688869 241 242
N 4.09298917111 2 3
N 4.76320540858 2 3
N 5.67858126017 2 3
N 7.01140640933 2 3
N 9.04805037306 2 3
N 12.7289775388 2 3
N 21.9668939203 2 3
N 66.8563674974 2 3
N 41.1562681531 7 8
N 71.3341213607 7 8
N 110.789697187 7 8
N 133.720445798 7 8
N 133.752500248 7 8
N 107.879418684 7 8
N 80.7673437442 7 8
N 64.3347135413 7 8
N 74.1350280555 6 7
N 88.3900005304 6 7
N 107.746395722 6 7
N 121.461800414 6 7
N 102.470899456 6 7
N 59.6355140008 6 7
N 35.9966548092 6 7
N 25.6085498711 6 7
N 70.9224505509 32 33
N 89.062871928 32 33
N 116.283462994 32 33
N 137.414101362 32 33
N 119.740121424 32 33
N 55.8576738157 32 33
N 31.9846066768 32 33
N 22.7613268695 32 33
N 41.1206262788 40 41
N 66.3636151621 40 41
N 110.081459842 40 41
N 139.833261406 40 41
N 130.432418838 40 41
N 84.3730185986 40 41
N 40.6111188847 40 41
N 24.2467239848 40 41
N 76.0034357166 60 61
N 88.6534049957 60 61
N 109.449393664 60 61
N 124.438189559 60 61
N 113.311602771 60 61
N 78.6470767246 60 61
N 55.2490339985 60 61
N 42.8170362109 60 61
N 74.7566613574 59 60
N 87.8064037143 59 60
N 98.726783727 59 60
N 105.15542051 59 60
N 98.8578426565 59 60
N 81.088187879 59 60
N 63.8636672746 59 60
N 49.0337739385 59 60
N 42.2228174743 65 66
N 67.2139387273 65 66
N 106.953209451 65 66
N 136.275639335 65 66
N 129.384428955 65 66
N 43.7507100231 65 66
N 17.0546484556 65 66
N 9.47583350335 65 66
N 23.399592451 68 69
N 45.2178402142 68 69
N 98.1418681629 68 69
N 124.77792068 68 69
N 109.485867599 68 69
N 59.2116771302 68 69
N 31.0626243321 68 69
N 21.3398291067 68 69
N 79.7257541338 79 80
N 93.4070585899 79 80
N 112.413177577 79 80
N 129.492148957 79 80
N 124.935518321 79 80
N 80.1726763818 79 80
N 49.6277809379 79 80
N 36.2714531647 79 80
N 38.1366349302 82 83
N 65.9181667308 82 83
N 109.12206409 82 83
N 135.241408637 82 83
N 128.438313114 82 83
N 97.3154675231 82 83
N 55.0561517264 82 83
N 33.52519858 82 83
N 74.3727837225 107 108
N 92.0648085689 107 108
N 108.329923815 107 108
N 111.282598893 107 108
N 98.8008453238 107 108
N 78.4501936508 107 108
N 57.6056783631 107 108
N 43.7885245511 107 108
N 47.4859513754 109 110
N 68.9171822869 109 110
N 102.231372715 109 110
N 124.081874979 109 110
N 120.602551875 109 110
N 83.0004996043 109 110
N 42.3488016522 109 110
N 26.6326254382 109 110
N 31.988246268 115 116
N 66.1558788521 115 116
N 114.119598251 115 116
N 122.662344266 115 116
N 111.251703198 115 116
N 91.7939836106 115 116
N 72.974811042 115 116
N 54.7609988857 115 116
N 50.4001028187 126 127
N 75.6013342181 126 127
N 113.543921724 126 127
N 137.34713085 126 127
N 136.851704863 126 127
N 81.1036381438 126 127
N 31.1285718526 126 127
N 17.9118069705 126 127
N 42.4890564968 151 152
N 69.8554281152 151 152
N 108.479413187 151 152
N 136.66959849 151 152
N 139.930856096 151 152
N 102.499996385 151 152
N 69.1394335694 151 152
N 53.5559493403 151 152
N 10.0269111788 159 160
N 26.2233020542 159 160
N 117.462631781 159 160
N 124.274093559 159 160
N 108.996159453 159 160
N 87.1132711175 159 160
N 65.2558989562 159 160
N 46.3818492631 159 160
N 65.6972864319 177 178
N 85.4329348161 177 178
N 105.351095691 177 178
N 112.27601496 177 178
N 99.6455780228 177 178
N 80.0710377284 177 178
N 67.530953645 177 178
N 57.9838282307 177 178
N 33.7585844358 184 185
N 54.9808626248 184 185
N 94.565036932 184 185
N 118.997853976 184 185
N 106.332798664 184 185
N 68.2912331895 184 185
N 41.9197933743 184 185
N 28.4097690279 184 185
N 78.1994300397 196 197
N 88.4165177723 196 197
N 105.69809408 196 197
N 128.206113828 196 197
N 137.22895367 196 197
N 72.835125378 196 197
N 37.1221231726 196 197
N 26.6832576424 196 197
N 41.0264072263 201 202
N 58.6647691222 201 202
N 80.4660603169 201 202
N 94.8885473417 201 202
N 90.3476669432 201 202
N 73.7200222047 201 202
N 53.3125506114 201 202
N 37.2431891716 201 202
N 70.6524901821 224 225
N 83.3912043519 224 225
N 97.382539787 224 225
N 105.954181415 224 225
N 100.843506236 224 225
N 85.6775701366 224 225
N 71.25905248 224 225
N 60.7056339255 224 225
N 12.1252352725 230 231
N 25.8644008597 230 231
N 131.104665213 230 231
N 149.664294841 230 231
N 131.471226457 230 231
N 96.1461931526 230 231
N 51.5323542596 230 231
N 30.7644016034 230 231
N 44.190503609 241 242
N 64.3644249551 241 242
N 117.490325166 241 242
N 152.530018895 241 242
N 143.32069646 241 242
N 67.4607871512 241 242
N 24.6816627981 241 242
N 15.7409439993 241 242
