Ca 66.0158684653 6 7
Ca 83.6204609474 6 7
Ca 105.374577408 6 7
Ca 119.547550764 6 7
Ca 111.47043354 6 7
Ca 91.7690725147 6 7
Ca 61.5027351508 6 7
Ca 41.4563413644 6 7
Ca 43.9338528966 33 34
Ca 66.0666724091 33 34
Ca 94.0218821544 33 34
Ca 116.052462208 33 34
Ca 118.641225144 33 34
Ca 98.5955296414 33 34
Ca 69.4409942689 33 34
Ca 48.0910778156 33 34
Ca 45.5148409242 40 41
Ca 67.334669462 40 41
Ca 105.596366969 40 41
Ca 140.502397456 40 41
Ca 143.804939083 40 41
Ca 110.082529114 40 41
Ca 70.8895441086 40 41
Ca 50.7262433377 40 41
Ca 64.0035626809 65 66
Ca 81.660163112 65 66
Ca 106.1566569 65 66
Ca 126.632253 65 66
Ca 120.16305126 65 66
Ca 96.9365586233 65 66
Ca 66.6789979507 65 66
Ca 43.6018923216 65 66
Ca 55.9792472283 68 69
Ca 76.6709257458 68 69
Ca 100.527249304 68 69
Ca 111.458851425 68 69
Ca 104.918057238 68 69
Ca 83.4880983093 68 69
Ca 47.3151262777 68 69
Ca 28.948065146 68 69
Ca 80.3007968698 78 79
Ca 91.1281225609 78 79
Ca 99.0085103619 78 79
Ca 101.936708915 78 79
Ca 97.5687527081 78 79
Ca 90.6371887483 78 79
Ca 76.2958828075 78 79
Ca 60.4695588504 78 79
Ca 50.0231628821 82 83
Ca 68.3319589198 82 83
Ca 99.7742050356 82 83
Ca 128.892441062 82 83
Ca 134.591913447 82 83
Ca 108.033208545 82 83
Ca 65.7301706928 82 83
Ca 45.6824295381 82 83
Ca 46.3474877641 109 110
Ca 64.9530637507 109 110
Ca 96.0432779361 109 110
Ca 123.572322814 109 110
Ca 129.723500499 109 110
Ca 103.580523853 109 110
Ca 65.516708236 109 110
Ca 45.158818443 109 110
Ca 46.3474877641 109 110
Ca 64.9530637507 109 110
Ca 96.0432779361 109 110
Ca 123.572322814 109 110
Ca 129.723500499 109 110
Ca 103.580523853 109 110
Ca 65.516708236 109 110
Ca 45.158818443 109 110
Ca 47.5174946164 115 116
Ca 70.2647995386 115 116
Ca 89.064809575 115 116
Ca 96.5240914127 115 116
Ca 97.9874931076 115 116
Ca 94.3125862387 115 116
Ca 81.25115203 115 116
Ca 60.5010758453 115 116
Ca 54.8158210072 126 127
Ca 73.9216714659 126 127
Ca 104.856108071 126 127
Ca 134.534089489 126 127
Ca 144.344869875 126 127
Ca 111.148106857 126 127
Ca 64.7184151574 126 127
Ca 45.2856971048 126 127
Ca 54.4008150997 151 152
Ca 76.2776978194 151 152
Ca 108.523807127 151 152
Ca 149.155760992 151 152
Ca 145.298397567 151 152
Ca 113.851529879 151 152
Ca 87.4081552282 151 152
Ca 68.3043432295 151 152
Ca 43.520510414 159 160
Ca 66.9644499185 159 160
Ca 90.304807456 159 160
Ca 98.9753708507 159 160
Ca 96.9049729704 159 160
Ca 84.5333453604 159 160
Ca 56.7979650346 159 160
Ca 33.0482629858 159 160
Ca 67.3612629536 181 182
Ca 83.5305216378 181 182
Ca 102.272236644 181 182
Ca 113.737855268 181 182
Ca 109.87945365 181 182
Ca 88.9773689522 181 182
Ca 53.9469646276 181 182
Ca 32.958625711 181 182
Ca 58.5109097799 184 185
Ca 77.450300936 184 185
Ca 98.0414552425 184 185
Ca 107.093906388 184 185
Ca 99.8965264403 184 185
Ca 78.2671866834 184 185
Ca 42.2117361006 184 185
Ca 23.6774369029 184 185
Ca 69.5689663683 191 192
Ca 82.5994089701 191 192
Ca 93.2289638958 191 192
Ca 98.4936778364 191 192
Ca 97.8050569184 191 192
Ca 95.7931778941 191 192
Ca 87.99085862 191 192
Ca 74.8313234173 191 192
Ca 56.2306984332 203 204
Ca 76.36068701 203 204
Ca 95.2008936291 203 204
Ca 103.610777066 203 204
Ca 103.951335479 203 204
Ca 99.4894439272 203 204
Ca 88.5530720775 203 204
Ca 74.5241726198 203 204
Ca 72.2965651706 221 222
Ca 83.1265232066 221 222
Ca 92.5551572015 221 222
Ca 97.2111437254 221 222
Ca 95.9529278681 221 222
Ca 90.985015331 221 222
Ca 81.1801337352 221 222
Ca 71.3133483653 221 222
Ca 24.4970671358 230 231
Ca 41.8801535418 230 231
Ca 96.0965320251 230 231
Ca 128.65160048 230 231
Ca 133.527111721 230 231
Ca 108.922895543 230 231
Ca 66.2307417737 230 231
Ca 45.4105006517 230 231
Ca 60.7893766943 241 242
Ca 78.399931642 241 242
Ca 105.052635907 241 242
Ca 127.480148787 241 242
Ca 133.075918207 241 242
Ca 100.900333213 241 242
Ca 69.5669826594 241 242
Ca 51.2929249665 241 242
Ca 5.10955640655 6 7
Ca 8.34373368767 6 7
Ca 19.661465189 6 7
Ca 121.951088915 6 7
Ca 113.040266344 6 7
Ca 90.161768661 6 7
Ca 59.8818727767 6 7
Ca 42.0423221344 6 7
Ca 75.97290267 31 32
Ca 88.4087620406 31 32
Ca 99.380618663 31 32
Ca 102.485038537 31 32
Ca 99.8097292242 31 32
Ca 85.622738432 31 32
Ca 65.3785171533 31 32
Ca 49.1209093872 31 32
Ca 43.9224721356 40 41
Ca 66.0481151686 40 41
Ca 105.370921676 40 41
Ca 139.866960805 40 41
Ca 143.393067904 40 41
Ca 107.919564415 40 41
Ca 66.7992484436 40 41
Ca 47.2385610651 40 41
Ca 64.3793955503 65 66
Ca 81.4395986536 65 66
Ca 103.985528505 65 66
Ca 121.100151083 65 66
Ca 114.798568912 65 66
Ca 94.5243470176 65 66
Ca 67.5487871508 65 66
Ca 46.2903466522 65 66
Ca 54.4796169941 68 69
Ca 74.7762981407 68 69
Ca 99.4546218971 68 69
Ca 112.458212995 68 69
Ca 106.60794354 68 69
Ca 86.0685224678 68 69
Ca 51.1637913249 68 69
Ca 30.7666672573 68 69
Ca 58.0203257213 80 81
Ca 77.1493623087 80 81
Ca 104.54991149 80 81
Ca 127.323287175 80 81
Ca 129.660128171 80 81
Ca 101.085602852 80 81
Ca 73.8045947467 80 81
Ca 57.8746150061 80 81
Ca 45.937623586 82 83
Ca 63.5127930483 82 83
Ca 94.7724456049 82 83
Ca 124.335994772 82 83
Ca 130.217039171 82 83
Ca 106.771108451 82 83
Ca 66.6754476364 82 83
Ca 46.5403789509 82 83
Ca 52.1593727861 109 110
Ca 72.0999185199 109 110
Ca 103.476503143 109 110
Ca 131.809352895 109 110
Ca 139.759547029 109 110
Ca 106.904497027 109 110
Ca 65.0064905007 109 110
Ca 44.7202511418 109 110
Ca 52.1593727861 109 110
Ca 72.0999185199 109 110
Ca 103.476503143 109 110
Ca 131.809352895 109 110
Ca 139.759547029 109 110
Ca 106.904497027 109 110
Ca 65.0064905007 109 110
Ca 44.7202511418 109 110
Ca 36.3301104146 115 116
Ca 59.4492995463 115 116
Ca 85.510534591 115 116
Ca 97.6747006931 115 116
Ca 100.597865701 115 116
Ca 97.2935376344 115 116
Ca 85.9622529996 115 116
Ca 68.3159736391 115 116
Ca 57.6133879369 126 127
Ca 76.9640282923 126 127
Ca 105.692679146 126 127
Ca 134.504452357 126 127
Ca 145.991155378 126 127
Ca 112.105392452 126 127
Ca 66.1593380012 126 127
Ca 46.1372080086 126 127
Ca 78.0108567686 150 151
Ca 91.5239354657 150 151
Ca 111.811735069 150 151
Ca 129.644414999 150 151
Ca 122.805691559 150 151
Ca 100.329120795 150 151
Ca 67.9945697728 150 151
Ca 44.9290566089 150 151
Ca 35.5344684895 159 160
Ca 59.3340969984 159 160
Ca 87.976315265 159 160
Ca 100.496449746 159 160
Ca 101.163104548 159 160
Ca 92.6589063487 159 160
Ca 69.2518518643 159 160
Ca 45.4635033802 159 160
Ca 69.7488440968 181 182
Ca 85.5451678286 181 182
Ca 103.969633042 181 182
Ca 116.186224725 181 182
Ca 109.90580473 181 182
Ca 87.0437137091 181 182
Ca 54.1836608619 181 182
Ca 34.221547879 181 182
Ca 55.7337452025 184 185
Ca 74.9284187572 184 185
Ca 97.4600252314 184 185
Ca 110.383902862 184 185
Ca 104.863808461 184 185
Ca 85.7086189992 184 185
Ca 51.7458993257 184 185
Ca 30.3139839855 184 185
Ca 81.0255896148 196 197
Ca 96.1267470768 196 197
Ca 115.078300752 196 197
Ca 135.471856933 196 197
Ca 131.825399277 196 197
Ca 101.840483658 196 197
Ca 69.7892223947 196 197
Ca 49.4524748009 196 197
Ca 77.8116913241 202 203
Ca 93.4964258131 202 203
Ca 110.427583478 202 203
Ca 122.920305218 202 203
Ca 121.120630067 202 203
Ca 107.676248624 202 203
Ca 89.260425009 202 203
Ca 70.8136289856 202 203
Ca 71.2728787546 223 224
Ca 81.7447634535 223 224
Ca 92.1389088386 223 224
Ca 97.7419828913 223 224
Ca 96.4153842875 223 224
Ca 89.4989293885 223 224
Ca 77.6412913097 223 224
Ca 68.3377889447 223 224
Ca 29.9673552456 230 231
Ca 48.0170715449 230 231
Ca 96.6282067249 230 231
Ca 129.219146322 230 231
Ca 134.371398104 230 231
Ca 107.835939992 230 231
Ca 66.9386113479 230 231
Ca 47.516021073 230 231
Ca 53.1456722072 241 242
Ca 71.1219476368 241 242
Ca 103.188006071 241 242
Ca 128.550785782 241 242
Ca 134.482075517 241 242
Ca 96.4390295807 241 242
Ca 58.4135515572 241 242
Ca 39.1670823928 241 242
Ca 73.7768302191 6 7
Ca 88.2010962517 6 7
Ca 107.750534026 6 7
Ca 121.938918294 6 7
Ca 113.67493458 6 7
Ca 90.9557712358 6 7
Ca 60.1264161405 6 7
Ca 42.3026154247 6 7
Ca 73.7458795954 32 33
Ca 89.5001929283 32 33
Ca 112.319855203 32 33
Ca 133.418087197 32 33
Ca 126.012946601 32 33
Ca 98.987090029 32 33
Ca 69.3211211347 32 33
Ca 47.4706759465 32 33
Ca 45.2191408805 40 41
Ca 68.0437695669 40 41
Ca 105.664310928 40 41
Ca 134.394842088 40 41
Ca 137.488784375 40 41
Ca 107.105198273 40 41
Ca 67.1238463697 40 41
Ca 47.3571066035 40 41
Ca 67.397986752 61 62
Ca 83.0635808944 61 62
Ca 97.3934187136 61 62
Ca 103.63482264 61 62
Ca 102.414631599 61 62
Ca 97.7061890123 61 62
Ca 87.8081611706 61 62
Ca 76.8291542022 61 62
Ca 57.8020051026 68 69
Ca 77.9826728467 68 69
Ca 102.961296794 68 69
Ca 115.929986358 68 69
Ca 109.333103577 68 69
Ca 85.0993779686 68 69
Ca 47.115603676 68 69
Ca 27.2398822777 68 69
Ca 79.843833495 79 80
Ca 94.4080573547 79 80
Ca 110.162525922 79 80
Ca 124.386626653 79 80
Ca 122.770718325 79 80
Ca 102.243185128 79 80
Ca 76.8423657912 79 80
Ca 58.8518846087 79 80
Ca 47.424251191 82 83
Ca 65.5689287694 82 83
Ca 96.4032155755 82 83
Ca 124.217305187 82 83
Ca 129.936615373 82 83
Ca 106.589710304 82 83
Ca 65.1482205082 82 83
Ca 43.9940050755 82 83
Ca 51.0957954597 109 110
Ca 70.4318051101 109 110
Ca 101.591981996 109 110
Ca 129.5658615 109 110
Ca 136.426678246 109 110
Ca 106.741335259 109 110
Ca 68.9675057529 109 110
Ca 49.1834621962 109 110
Ca 51.0957954597 109 110
Ca 70.4318051101 109 110
Ca 101.591981996 109 110
Ca 129.5658615 109 110
Ca 136.426678246 109 110
Ca 106.741335259 109 110
Ca 68.9675057529 109 110
Ca 49.1834621962 109 110
Ca 41.3985870067 115 116
Ca 63.5885513365 115 116
Ca 85.14353877 115 116
Ca 94.4644282355 115 116
Ca 95.8080853281 115 116
Ca 91.2138562428 115 116
Ca 77.4735196911 115 116
Ca 58.1388404774 115 116
Ca 55.6294072977 126 127
Ca 76.2601478695 126 127
Ca 109.281104561 126 127
Ca 143.211636783 126 127
Ca 157.613640538 126 127
Ca 112.188566214 126 127
Ca 61.2678400326 126 127
Ca 42.1890917816 126 127
Ca 70.8306032683 150 151
Ca 85.1557261784 150 151
Ca 107.537357537 150 151
Ca 128.23217553 150 151
Ca 123.531416203 150 151
Ca 101.089587988 150 151
Ca 65.6892518433 150 151
Ca 43.0926496272 150 151
Ca 41.410564282 159 160
Ca 65.9079831176 159 160
Ca 89.1861646534 159 160
Ca 98.0338084563 159 160
Ca 96.7750513986 159 160
Ca 87.803127252 159 160
Ca 63.3519449695 159 160
Ca 38.5971973761 159 160
Ca 68.1284233397 181 182
Ca 83.9622285412 181 182
Ca 102.990066995 181 182
Ca 115.201754799 181 182
Ca 108.400351093 181 182
Ca 83.5566914759 181 182
Ca 50.0165912084 181 182
Ca 30.8831075678 181 182
Ca 54.2872199944 184 185
Ca 72.6298198233 184 185
Ca 94.8695430425 184 185
Ca 108.783136095 184 185
Ca 104.234775812 184 185
Ca 89.9410200034 184 185
Ca 62.7365996791 184 185
Ca 41.3830419183 184 185
Ca 82.6583721529 196 197
Ca 97.2694554686 196 197
Ca 115.331427003 196 197
Ca 133.741120249 196 197
Ca 128.784930291 196 197
Ca 98.5004287131 196 197
Ca 70.1599238654 196 197
Ca 52.4391719045 196 197
Ca 57.0529550986 201 202
Ca 73.5226218371 201 202
Ca 88.4328426491 201 202
Ca 96.2884160228 201 202
Ca 98.2316567613 201 202
Ca 92.3611348232 201 202
Ca 76.6017423125 201 202
Ca 56.4585707031 201 202
Ca 67.1660599737 224 225
Ca 77.8592350068 224 225
Ca 89.2533833021 224 225
Ca 97.1395539167 224 225
Ca 95.3491120209 224 225
Ca 89.797464722 224 225
Ca 79.2181859889 224 225
Ca 65.4989018451 224 225
Ca 26.4954243844 230 231
Ca 45.0864350514 230 231
Ca 97.6174465454 230 231
Ca 127.974096518 230 231
Ca 131.710598874 230 231
Ca 106.527138052 230 231
Ca 67.652435639 230 231
Ca 48.5135254368 230 231
Ca 57.3410998077 241 242
Ca 74.3582480817 241 242
Ca 100.686531112 241 242
Ca 121.473394809 241 242
Ca 127.342657093 241 242
Ca 98.5934714377 241 242
Ca 64.0114411676 241 242
Ca 44.7632378694 241 242
Ca 4.70701604156 2 3
Ca 5.61374347141 2 3
Ca 6.95736202889 2 3
Ca 9.0598587152 2 3
Ca 13.0571933822 2 3
Ca 24.2755308372 2 3
Ca 87.4923571006 2 3
Ca 76.3591697996 2 3
Ca 46.7216032686 7 8
Ca 68.1816340442 7 8
Ca 98.613392099 7 8
Ca 126.576698627 7 8
Ca 126.188441544 7 8
Ca 108.621166782 7 8
Ca 88.4633197422 7 8
Ca 74.0257999298 7 8
Ca 74.9255294313 6 7
Ca 88.928205522 6 7
Ca 108.7872493 6 7
Ca 124.599573547 6 7
Ca 116.293431222 6 7
Ca 93.9198619567 6 7
Ca 64.1246589223 6 7
Ca 45.4751269077 6 7
Ca 73.3479206551 32 33
Ca 89.4081080535 32 33
Ca 111.808059553 32 33
Ca 132.422415484 32 33
Ca 124.845544736 32 33
Ca 97.5789231935 32 33
Ca 67.6428006069 32 33
Ca 46.4976194608 32 33
Ca 45.288574831 40 41
Ca 68.1181807168 40 41
Ca 105.853756816 40 41
Ca 137.155921143 40 41
Ca 142.830731737 40 41
Ca 108.451834562 40 41
Ca 66.8678258929 40 41
Ca 47.4560593008 40 41
Ca 75.6928410209 60 61
Ca 89.5660647582 60 61
Ca 105.107158719 60 61
Ca 118.228636293 60 61
Ca 118.322899897 60 61
Ca 107.023689108 60 61
Ca 91.5097696613 60 61
Ca 75.7013933865 60 61
Ca 74.5192227621 59 60
Ca 84.0666465041 59 60
Ca 92.6145512589 59 60
Ca 96.7174496555 59 60
Ca 96.122797115 59 60
Ca 90.6467704984 59 60
Ca 77.0499914882 59 60
Ca 60.5629405565 59 60
Ca 65.0984804197 65 66
Ca 84.0805794401 65 66
Ca 110.043118059 65 66
Ca 131.528388067 65 66
Ca 124.673852661 65 66
Ca 95.337220105 65 66
Ca 57.8909956581 65 66
Ca 35.6975502233 65 66
Ca 56.1138524648 68 69
Ca 76.9880156264 68 69
Ca 101.24364647 68 69
Ca 113.945037619 68 69
Ca 108.600336231 68 69
Ca 85.5582259394 68 69
Ca 45.8298120357 68 69
Ca 25.6460960669 68 69
Ca 79.2585185969 79 80
Ca 93.7064828003 79 80
Ca 109.457100101 79 80
Ca 123.745361697 79 80
Ca 121.291068743 79 80
Ca 99.5411753533 79 80
Ca 72.7784468434 79 80
Ca 54.4586155171 79 80
Ca 47.4873399876 82 83
Ca 65.0414726094 82 83
Ca 95.8316756573 82 83
Ca 124.822902134 82 83
Ca 130.148570983 82 83
Ca 106.339699381 82 83
Ca 66.5748367459 82 83
Ca 46.5147262038 82 83
Ca 75.2815478633 107 108
Ca 88.1009229357 107 108
Ca 96.4943024624 107 108
Ca 98.6326171628 107 108
Ca 96.0442114745 107 108
Ca 86.5947201186 107 108
Ca 71.0144087955 107 108
Ca 55.0584528328 107 108
Ca 55.1407340919 109 110
Ca 74.0705717149 109 110
Ca 103.541488141 109 110
Ca 132.997408107 109 110
Ca 142.929164901 109 110
Ca 106.385549657 109 110
Ca 66.9600556354 109 110
Ca 48.9721094965 109 110
Ca 41.9521720042 115 116
Ca 66.494475615 115 116
Ca 87.9508121276 115 116
Ca 96.3924420769 115 116
Ca 96.8962239598 115 116
Ca 91.1685167428 115 116
Ca 76.1271210434 115 116
Ca 56.6453084153 115 116
Ca 56.5510853269 126 127
Ca 76.7868739138 126 127
Ca 109.35801288 126 127
Ca 146.249905575 126 127
Ca 160.158711097 126 127
Ca 114.24469807 126 127
Ca 68.5501125505 126 127
Ca 48.9415999504 126 127
Ca 53.0748488036 151 152
Ca 74.4810731944 151 152
Ca 106.960729703 151 152
Ca 145.100424356 151 152
Ca 142.04415373 151 152
Ca 114.126782188 151 152
Ca 89.0925619176 151 152
Ca 70.3447327613 151 152
Ca 37.7103936313 159 160
Ca 61.9625068016 159 160
Ca 88.5394559352 159 160
Ca 98.7508654431 159 160
Ca 97.6293841124 159 160
Ca 88.2072660348 159 160
Ca 64.3731585465 159 160
Ca 42.1001677372 159 160
Ca 72.6163515246 177 178
Ca 87.2649599275 177 178
Ca 98.8414101902 177 178
Ca 103.242482267 177 178
Ca 101.337594408 177 178
Ca 96.3388827555 177 178
Ca 86.5880378934 177 178
Ca 76.5465604377 177 178
Ca 56.3148791572 184 185
Ca 75.3150929377 184 185
Ca 96.2669907375 184 185
Ca 106.272877811 184 185
Ca 101.211621253 184 185
Ca 85.5078658153 184 185
Ca 55.9423887809 184 185
Ca 34.9774364754 184 185
Ca 81.7184716255 196 197
Ca 96.2745648961 196 197
Ca 114.176972304 196 197
Ca 131.51547582 196 197
Ca 126.452604904 196 197
Ca 96.1256236834 196 197
Ca 66.6166130424 196 197
Ca 48.2089894167 196 197
Ca 58.6734908776 201 202
Ca 74.1743594244 201 202
Ca 88.3553592706 201 202
Ca 96.2353491183 201 202
Ca 98.1533950516 201 202
Ca 91.4428510723 201 202
Ca 73.9243255102 201 202
Ca 52.4314531753 201 202
Ca 69.168635464 224 225
Ca 79.7218346875 224 225
Ca 90.6777810759 224 225
Ca 97.8098578294 224 225
Ca 95.6084406648 224 225
Ca 89.91647002 224 225
Ca 79.1315459917 224 225
Ca 65.4908373454 224 225
Ca 31.1216491083 230 231
Ca 50.1422163025 230 231
Ca 97.3528591088 230 231
Ca 127.974810868 230 231
Ca 134.076156839 230 231
Ca 108.463455534 230 231
Ca 66.8025052323 230 231
Ca 47.2134701519 230 231
Ca 54.1653863699 241 242
Ca 71.694994636 241 242
Ca 103.097145032 241 242
Ca 126.037721527 241 242
Ca 132.082481769 241 242
Ca 92.692401521 241 242
Ca 50.9678403549 241 242
Ca 33.3857875615 241 242
