C 50.8848672479 6 7
C 68.7428628304 6 7
C 97.026321581 6 7
C 126.341354744 6 7
C 147.013423129 6 7
C 125.13329827 6 7
C 23.1802186283 6 7
C 15.8432023804 6 7
C 18.6691482894 33 34
C 27.1993347482 33 34
C 60.6863311566 33 34
C 129.042850214 33 34
C 137.047429125 33 34
C 107.906792105 33 34
C 54.2194668338 33 34
C 33.4622357511 33 34
C 16.16181206 40 41
C 24.6939262669 40 41
C 70.4109967413 40 41
C 168.99469432 40 41
C 172.749598466 40 41
C 124.543695923 40 41
C 42.906412857 40 41
C 28.2368961093 40 41
C 39.8663741302 65 66
C 55.2768313751 65 66
C 81.4478008243 65 66
C 104.848000395 65 66
C 111.526513815 65 66
C 92.8517756959 65 66
C 47.3365382113 65 66
C 26.8302121958 65 66
C 59.0164762453 68 69
C 81.6303465367 68 69
C 109.363592853 68 69
C 132.248670533 68 69
C 153.147964611 68 69
C 137.640337167 68 69
C 52.658884058 68 69
C 32.8567147154 68 69
C 67.0504303472 78 79
C 76.3258019815 78 79
C 86.4697801434 78 79
C 96.5160696845 78 79
C 101.058028287 78 79
C 90.8501755939 78 79
C 68.1081483089 78 79
C 50.2361946475 78 79
C 17.7455336403 82 83
C 21.8883307096 82 83
C 79.3504994985 82 83
C 165.815035263 82 83
C 166.666178489 82 83
C 119.873176273 82 83
C 42.5754907777 82 83
C 28.2977647049 82 83
C 19.5852635237 109 110
C 29.2327167949 109 110
C 83.1874448205 109 110
C 154.76934497 109 110
C 170.01100379 109 110
C 143.597072785 109 110
C 31.6366304709 109 110
C 20.5785558715 109 110
C 19.5852635237 109 110
C 29.2327167949 109 110
C 83.1874448205 109 110
C 154.76934497 109 110
C 170.01100379 109 110
C 143.597072785 109 110
C 31.6366304709 109 110
C 20.5785558715 109 110
C 53.742527586 115 116
C 70.8051917437 115 116
C 88.288536996 115 116
C 104.366974451 115 116
C 109.935373629 115 116
C 100.395146703 115 116
C 76.4359067389 115 116
C 53.9419106848 115 116
C 20.0023215154 126 127
C 28.8340990106 126 127
C 82.4646165776 126 127
C 164.092068841 126 127
C 164.30846073 126 127
C 122.029423356 126 127
C 52.3771108251 126 127
C 35.2661448986 126 127
C 20.9824295066 151 152
C 28.9436193426 151 152
C 58.4564867011 151 152
C 166.157991409 151 152
C 142.715576094 151 152
C 115.669736581 151 152
C 90.534360955 151 152
C 65.7232804694 151 152
C 50.115221759 159 160
C 70.8834256583 159 160
C 95.8903029331 159 160
C 119.788361531 159 160
C 136.785279648 159 160
C 112.274779082 159 160
C 44.8978350646 159 160
C 24.773955472 159 160
C 45.6799387735 181 182
C 60.7179139524 181 182
C 83.5235993755 181 182
C 106.295499063 181 182
C 116.518904282 181 182
C 83.6228759683 181 182
C 17.8707549054 181 182
C 6.5446201963 181 182
C 63.2349475445 184 185
C 84.9169053892 184 185
C 109.525607787 184 185
C 131.711333179 184 185
C 156.198087115 184 185
C 148.134480657 184 185
C 45.1707838516 184 185
C 29.1798776477 184 185
C 58.9221075949 191 192
C 70.0810752258 191 192
C 82.4212360808 191 192
C 96.0790296964 191 192
C 107.395680353 191 192
C 106.858393487 191 192
C 94.6625357229 191 192
C 77.988028006 191 192
C 43.3809851682 203 204
C 58.12023173 203 204
C 76.5192904784 203 204
C 98.1865061163 203 204
C 112.998064644 203 204
C 111.545147835 203 204
C 95.1784951025 203 204
C 79.193626285 203 204
C 62.6623782625 221 222
C 71.9141862083 221 222
C 84.06596213 221 222
C 97.2897675947 221 222
C 103.868419635 221 222
C 97.6963949722 221 222
C 86.3088096953 221 222
C 75.559515483 221 222
C 13.244354835 230 231
C 15.9446652988 230 231
C 68.0875338665 230 231
C 166.763178947 230 231
C 171.640799733 230 231
C 128.434107532 230 231
C 43.4838944353 230 231
C 28.1028981702 230 231
C 48.488052813 241 242
C 63.4355765834 241 242
C 91.4634293974 241 242
C 131.368930092 241 242
C 136.773523341 241 242
C 100.107092006 241 242
C 65.7753961782 241 242
C 23.0768722919 241 242
C 7.61968254027 6 7
C 20.729407918 6 7
C 97.7724972146 6 7
C 124.400173882 6 7
C 139.755932994 6 7
C 103.529977026 6 7
C 27.9367655691 6 7
C 19.0097732471 6 7
C 71.576326789 31 32
C 84.1594146 31 32
C 96.6539039975 31 32
C 112.824329415 31 32
C 116.633413365 31 32
C 97.6990601803 31 32
C 66.163390523 31 32
C 48.7129137134 31 32
C 15.0550665194 40 41
C 24.2358704323 40 41
C 76.563506356 40 41
C 168.141654019 40 41
C 170.500198472 40 41
C 117.593920433 40 41
C 40.9518200373 40 41
C 27.3189767488 40 41
C 40.5861623913 65 66
C 55.2298747993 65 66
C 79.1133725017 65 66
C 100.54111424 65 66
C 105.714338142 65 66
C 85.7584011594 65 66
C 46.5830087046 65 66
C 27.6202339844 65 66
C 55.9882693384 68 69
C 77.8342992226 68 69
C 105.462476185 68 69
C 129.288488233 68 69
C 149.465507631 68 69
C 162.052092937 68 69
C 25.4555568586 68 69
C 18.6345900536 68 69
C 45.0258042533 80 81
C 59.3744370854 80 81
C 86.2015149724 80 81
C 111.358334067 80 81
C 113.150729426 80 81
C 89.8744137994 80 81
C 67.110027135 80 81
C 51.2378677198 80 81
C 20.3909945248 82 83
C 27.324187688 82 83
C 83.9371369203 82 83
C 152.918819711 82 83
C 163.806657633 82 83
C 126.934228496 82 83
C 43.2411231177 82 83
C 28.3262284328 82 83
C 17.9479761419 109 110
C 27.0762008979 109 110
C 81.5665142213 109 110
C 164.761029739 109 110
C 179.341749944 109 110
C 132.726947841 109 110
C 31.7048231096 109 110
C 21.2107810163 109 110
C 17.9479761419 109 110
C 27.0762008979 109 110
C 81.5665142213 109 110
C 164.761029739 109 110
C 179.341749944 109 110
C 132.726947841 109 110
C 31.7048231096 109 110
C 21.2107810163 109 110
C 40.2272435218 115 116
C 58.2973832544 115 116
C 82.0412339346 115 116
C 103.334427868 115 116
C 110.518654077 115 116
C 102.464607463 115 116
C 81.500729721 115 116
C 61.1379544093 115 116
C 21.0374132811 126 127
C 29.9479304942 126 127
C 96.194565667 126 127
C 169.542632958 126 127
C 162.037872251 126 127
C 115.529393717 126 127
C 51.0190131238 126 127
C 34.709498877 126 127
C 54.5458683623 150 151
C 69.3435003585 150 151
C 95.1584731949 150 151
C 129.581576513 150 151
C 158.522265066 150 151
C 151.669674058 150 151
C 18.751585328 150 151
C 3.75756381564 150 151
C 38.0022184375 159 160
C 58.4757523692 159 160
C 86.8628858496 159 160
C 112.727447548 159 160
C 129.662236482 159 160
C 122.407148855 159 160
C 28.7158623234 159 160
C 10.3856933851 159 160
C 47.8208275514 181 182
C 63.0422592372 181 182
C 85.6015400164 181 182
C 106.444394722 181 182
C 112.376431909 181 182
C 74.5064597929 181 182
C 18.7599399895 181 182
C 8.22353921115 181 182
C 58.3045909468 184 185
C 78.9993576373 184 185
C 104.913838278 184 185
C 128.411566122 184 185
C 148.41727173 184 185
C 147.553984359 184 185
C 27.775240831 184 185
C 15.7489514437 184 185
C 50.231773087 196 197
C 59.8904426109 196 197
C 79.5901741012 196 197
C 104.386113684 196 197
C 111.883764079 196 197
C 84.4216964949 196 197
C 49.6046219483 196 197
C 30.7610840227 196 197
C 48.5671243714 202 203
C 60.98520753 202 203
C 79.4448223129 202 203
C 105.312863365 202 203
C 122.267114119 202 203
C 115.930948054 202 203
C 92.7239079933 202 203
C 74.1116088714 202 203
C 61.5011556478 223 224
C 71.2094954083 223 224
C 83.7083754782 223 224
C 97.2044948803 223 224
C 103.070419624 223 224
C 95.5558324027 223 224
C 83.4293409506 223 224
C 70.1192917865 223 224
C 11.3613176633 230 231
C 13.2945057949 230 231
C 64.9007326193 230 231
C 167.454651042 230 231
C 170.829894172 230 231
C 129.250688176 230 231
C 48.1552623665 230 231
C 31.6089357889 230 231
C 48.8324957487 241 242
C 66.0704337811 241 242
C 99.2019901178 241 242
C 137.681352255 241 242
C 139.589362881 241 242
C 94.6665592795 241 242
C 51.4338624064 241 242
C 32.0691924316 241 242
C 52.9800752949 6 7
C 69.3231441028 6 7
C 95.6182232173 6 7
C 123.116585283 6 7
C 137.574632319 6 7
C 102.506303274 6 7
C 33.2067349884 6 7
C 22.0574675037 6 7
C 49.3315323867 32 33
C 65.5399572764 32 33
C 93.8105463063 32 33
C 124.873252753 32 33
C 137.85761688 32 33
C 112.739176492 32 33
C 33.9210433185 32 33
C 15.5750423817 32 33
C 14.5877509174 40 41
C 24.4711643143 40 41
C 80.3583180384 40 41
C 163.462067003 40 41
C 174.414005782 40 41
C 123.81187486 40 41
C 45.756083346 40 41
C 30.3850560056 40 41
C 52.7340510289 61 62
C 66.0334377577 61 62
C 80.5640492134 61 62
C 96.0569833543 61 62
C 103.929581555 61 62
C 99.5661702532 61 62
C 88.2326620632 61 62
C 78.3299778596 61 62
C 56.4751726861 68 69
C 78.3126984197 68 69
C 107.294994336 68 69
C 133.065261 68 69
C 156.857876943 68 69
C 171.969566662 68 69
C 35.9108987639 68 69
C 20.9485260889 68 69
C 55.8346558689 79 80
C 65.110033538 79 80
C 81.3771429683 79 80
C 102.089996883 79 80
C 106.592058315 79 80
C 88.0120831375 79 80
C 64.2203735342 79 80
C 42.1629642625 79 80
C 18.110872793 82 83
C 23.51868558 82 83
C 78.7320091563 82 83
C 155.956439528 82 83
C 169.507509908 82 83
C 151.691417819 82 83
C 33.9231836441 82 83
C 21.650574503 82 83
C 17.7961090058 109 110
C 25.6137765773 109 110
C 76.6156422382 109 110
C 162.717961056 109 110
C 170.354120623 109 110
C 129.182742001 109 110
C 38.6815767141 109 110
C 24.9161007729 109 110
C 17.7961090058 109 110
C 25.6137765773 109 110
C 76.6156422382 109 110
C 162.717961056 109 110
C 170.354120623 109 110
C 129.182742001 109 110
C 38.6815767141 109 110
C 24.9161007729 109 110
C 45.6972704134 115 116
C 62.0914312437 115 116
C 82.3270151875 115 116
C 102.079076215 115 116
C 110.080902544 115 116
C 101.45869726 115 116
C 74.6595623228 115 116
C 47.7609149786 115 116
C 14.6634772517 126 127
C 23.7680226046 126 127
C 109.317618631 126 127
C 163.250558453 126 127
C 158.316109709 126 127
C 115.271496219 126 127
C 47.8631070971 126 127
C 32.0493213826 126 127
C 56.7075725241 150 151
C 73.0903311307 150 151
C 99.1265118469 150 151
C 126.521731708 150 151
C 147.990183789 150 151
C 154.396249868 150 151
C 6.7031528956 150 151
C 4.72129352865 150 151
C 48.7044082048 159 160
C 68.6147261159 159 160
C 91.6086756421 159 160
C 113.056766199 159 160
C 129.362208214 159 160
C 121.930839504 159 160
C 53.8364470774 159 160
C 22.3126139704 159 160
C 48.5251028771 181 182
C 64.7415736859 181 182
C 88.463629954 181 182
C 109.440278118 181 182
C 113.331574808 181 182
C 67.105597924 181 182
C 17.0696751937 181 182
C 6.28288701935 181 182
C 54.207994146 184 185
C 73.2943167495 184 185
C 98.9384089628 184 185
C 123.22156139 184 185
C 145.005872423 184 185
C 142.266777923 184 185
C 14.8384041161 184 185
C 8.98800895616 184 185
C 54.8995337347 196 197
C 64.6496418033 196 197
C 83.5499547318 196 197
C 105.8095651 196 197
C 110.151105908 196 197
C 84.6483874104 196 197
C 57.7636993853 196 197
C 39.7618409009 196 197
C 62.6165757692 201 202
C 76.980888016 201 202
C 93.3745320485 201 202
C 110.949800397 201 202
C 122.335085833 201 202
C 114.444232654 201 202
C 84.1319827575 201 202
C 57.2696342948 201 202
C 57.5991681579 224 225
C 67.6865162985 224 225
C 82.187067612 224 225
C 92.8785443304 224 225
C 99.8312312573 224 225
C 92.6904701664 224 225
C 75.9820417952 224 225
C 58.0838588282 224 225
C 10.6852557801 230 231
C 13.1208091286 230 231
C 66.99489082 230 231
C 162.78905815 230 231
C 168.62396433 230 231
C 123.761365247 230 231
C 46.2481782831 230 231
C 30.629467748 230 231
C 51.6755390354 241 242
C 66.8509133483 241 242
C 93.6272451788 241 242
C 125.501561861 241 242
C 133.096761548 241 242
C 103.35134056 241 242
C 62.7903745958 241 242
C 39.9411030949 241 242
C 2.08651962719 2 3
C 2.62936415399 2 3
C 3.53153881236 2 3
C 5.46192928425 2 3
C 12.9318009117 2 3
C 104.009671921 2 3
C 94.5223350881 2 3
C 81.7131784766 2 3
C 21.6174549859 7 8
C 25.6242121672 7 8
C 54.463195653 7 8
C 131.507224044 7 8
C 128.346392666 7 8
C 110.753386281 7 8
C 95.8396217459 7 8
C 81.3588378461 7 8
C 53.9803357692 6 7
C 70.0423099026 6 7
C 96.2806242918 6 7
C 124.150763174 6 7
C 140.908218894 6 7
C 113.603653505 6 7
C 30.623280237 6 7
C 20.2672672358 6 7
C 48.4056551713 32 33
C 64.4946741525 32 33
C 92.5182423903 32 33
C 122.808966679 32 33
C 134.831218755 32 33
C 105.070175611 32 33
C 33.3137433112 32 33
C 16.3325922243 32 33
C 16.5309183162 40 41
C 27.7423878211 40 41
C 82.4025418258 40 41
C 162.118865429 40 41
C 168.404444833 40 41
C 120.071588697 40 41
C 48.9992476443 40 41
C 32.9046281602 40 41
C 55.1003219656 60 61
C 66.3086717991 60 61
C 82.6115281555 60 61
C 101.238044905 60 61
C 111.918869666 60 61
C 107.545597533 60 61
C 91.7417392172 60 61
C 79.5920663501 60 61
C 74.1012573216 59 60
C 83.1483232055 59 60
C 93.0993938622 59 60
C 106.153658059 59 60
C 114.10702309 59 60
C 105.729124657 59 60
C 85.1917011722 59 60
C 67.0543810855 59 60
C 40.4837091706 65 66
C 57.6564936366 65 66
C 86.0883922343 65 66
C 109.830363402 65 66
C 116.055957376 65 66
C 92.088603095 65 66
C 38.5849559607 65 66
C 20.3148638373 65 66
C 57.9749932215 68 69
C 80.2182373642 68 69
C 109.008664475 68 69
C 134.880721444 68 69
C 159.753754484 68 69
C 160.706330831 68 69
C 49.9084533316 68 69
C 28.7534201368 68 69
C 54.1621402192 79 80
C 63.5683174839 79 80
C 80.6090453525 79 80
C 100.823162939 79 80
C 104.534655749 79 80
C 83.8704993985 79 80
C 59.146380112 79 80
C 38.920050096 79 80
C 18.8857271798 82 83
C 24.3005474936 82 83
C 78.171312529 82 83
C 158.000036846 82 83
C 167.914278634 82 83
C 130.466553243 82 83
C 42.5568176762 82 83
C 27.9639514958 82 83
C 68.8449952171 107 108
C 79.5824421184 107 108
C 89.8412035326 107 108
C 100.972927103 107 108
C 108.47121573 107 108
C 99.3321334217 107 108
C 70.8871486712 107 108
C 48.9178100233 107 108
C 24.7229440828 109 110
C 39.2029164779 109 110
C 87.2213889735 109 110
C 150.755962469 109 110
C 174.107974218 109 110
C 128.775921469 109 110
C 55.1414532154 109 110
C 37.000938752 109 110
C 48.6397713455 115 116
C 65.6455063141 115 116
C 84.6543892374 115 116
C 103.1363024 115 116
C 110.352552531 115 116
C 99.8993660868 115 116
C 70.8567063972 115 116
C 43.5452239071 115 116
C 19.2382417178 126 127
C 32.7569597771 126 127
C 86.4445554425 126 127
C 149.471386118 126 127
C 152.590720691 126 127
C 114.748649316 126 127
C 54.4302623833 126 127
C 37.1698583446 126 127
C 19.4573041664 151 152
C 26.0288857455 151 152
C 50.4443224054 151 152
C 162.955493801 151 152
C 140.138941233 151 152
C 115.771744131 151 152
C 93.2094922312 151 152
C 69.174462177 151 152
C 44.6910366765 159 160
C 65.6678676991 159 160
C 91.043454957 159 160
C 112.99076043 159 160
C 128.352026897 159 160
C 109.96751875 159 160
C 24.6190490678 159 160
C 9.76617621292 159 160
C 59.4045095171 177 178
C 71.175049563 177 178
C 84.358745176 177 178
C 98.6450394024 177 178
C 105.045324898 177 178
C 98.3726718113 177 178
C 86.100520218 177 178
C 77.1592099113 177 178
C 59.0310060597 184 185
C 79.0718922451 184 185
C 102.835709773 184 185
C 124.711541761 184 185
C 144.661523326 184 185
C 145.497132867 184 185
C 16.9275657207 184 185
C 11.979601012 184 185
C 54.2752682645 196 197
C 64.0571852149 196 197
C 83.0237749805 196 197
C 105.10580528 196 197
C 110.709201875 196 197
C 83.1032668405 196 197
C 52.282275492 196 197
C 33.9964950367 196 197
C 65.7061054901 201 202
C 79.0159898576 201 202
C 94.2015582384 201 202
C 110.057706815 201 202
C 120.56557673 201 202
C 113.630370501 201 202
C 83.6973324758 201 202
C 55.9271328206 201 202
C 57.3530119565 224 225
C 67.0898277852 224 225
C 80.9814911426 224 225
C 91.9654630633 224 225
C 99.2454725757 224 225
C 92.0643055511 224 225
C 74.8187033813 224 225
C 57.4419384337 224 225
C 12.4880865667 230 231
C 15.545152253 230 231
C 72.4913058804 230 231
C 168.063071515 230 231
C 170.846219121 230 231
C 125.231002398 230 231
C 50.530358505 230 231
C 33.5431880735 230 231
C 50.6501917162 241 242
C 68.4354538821 241 242
C 101.077018127 241 242
C 140.888773297 241 242
C 152.30558752 241 242
C 90.7624061373 241 242
C 38.5337320203 241 242
C 22.6427016542 241 242
