24 N 4.56253767108 -0.59962553547 1.00668758517 0.625434507428 -58.1481571333 108.439795749 SGQ
24 CA 4.52748329649 0.687517424007 1.26737821325 0.162779778395 -82.6811026804 75.8503457107 SGQ
24 C 5.71963058248 1.11131332896 -0.230704072386 1.01552563526 12.7990508541 NULL SGQ
44 N 1.52192345405 0.57069558767 0.790104438248 -0.902311765896 41.206836675 -139.112036537 LS
44 CA 2.41194651682 1.44216451501 0.125403338917 -0.11870768396 46.5711564442 151.8225572 LS
44 C 3.79148124089 0.527989103433 0.7129533565 1.23995242575 150.101767983 NULL LS
54 N 1.52770285069 0.643402609059 0.04970515405 -1.15453517933 -177.534819169 2.15442426758 SS
54 CA 2.4594960866 1.4576944718 0.0270162953632 0.0284419878041 -43.5273945125 -102.579527347 SS
54 C 3.80028433147 0.504124214767 1.41234414797 -0.303332793796 -102.121424987 NULL SS
86 N 13.4123865512 1.2757803872 0.273898049681 -0.266348009237 45.8006671896 42.9356364482 QLTPVA
86 CA 14.6644674639 0.373106167677 0.965564241751 -1.02980798341 43.1559209247 57.8018780678 QLTPVA
86 C 15.6886593755 -0.594218969535 -0.409607687099 -1.33777104129 -17.0238909181 NULL QLTPVA
130 N 9.10823830387 0.0838095690951 1.22205276779 -0.514112817263 67.1837002525 68.1884131179 LGQST
130 CA 9.63229183528 -1.04976185661 0.552125560219 -0.844897277872 33.163912155 -157.428964878 LGQST
130 C 9.99714699302 0.496486638687 0.111496139174 -1.44175262391 4.4220961291 NULL LGQST
164 N 5.95709744758 -1.10660849984 0.384403501368 -0.628935271874 -148.566841591 18.0755963747 VYQA
164 CA 5.12175028677 -0.0577306617197 0.0793145573249 -1.45651548969 -176.883036605 41.9113093528 VYQA
164 C 5.78804155134 1.04328909819 0.980633197677 -0.54394428871 -119.016553598 NULL VYQA
