24 N 1.5187751644 0.598801600999 0.862292605533 -0.816287391232 46.5699251306 -133.455476756 GQ
24 CA 2.42775719544 1.45219124706 0.0896594032878 -0.0831911855555 47.1430574098 148.578030148 GQ
24 C 3.80243579827 0.546439011812 0.773224989086 1.19445155725 147.083108094 NULL GQ
44 N 1.52312934447 0.583479008676 0.854413268299 -0.833916190867 45.6955623085 -134.461983347 LS
44 CA 2.42141219126 1.45096738371 0.114227534628 -0.100601797951 48.6291731727 148.897602201 LS
44 C 3.80367375047 0.546301601383 0.771911835981 1.19484336957 147.136084485 NULL LS
54 N 1.5201677539 0.632494668784 0.085619015488 -1.16047097256 -175.780388987 3.97272499776 SS
54 CA 2.44703473617 1.45446513671 0.0135520192792 -0.00612444836427 -114.31923177 -97.0364912032 SS
54 C 3.79238038704 0.497583900237 1.42642435398 -0.177588920227 -97.0967713949 NULL SS
86 N 7.50322490667 6.03036103326 4.37751927688 -3.04754717585 55.155084923 59.8109151924 QLTA
86 CA 14.8936362585 -0.557483093261 1.21235011215 -0.662121443773 61.3589694594 100.828677424 QLTA
86 C 15.203432836 -0.558201840816 -0.33841021131 -1.37746115509 -13.8028754439 NULL QLTA
130 N 7.10098767778 -0.515743398347 -1.13968446016 -0.452284289286 -68.3543247851 -81.8379597666 MLGQST
130 CA 7.65834832062 -1.29181647409 -0.0321050569897 -0.676624314214 -2.71658233555 27.6548473853 MLGQST
130 C 7.63262379526 -1.06969313886 -0.669761103243 0.857771329231 -142.016732096 NULL MLGQST
