24 N 1.52825161541 0.650392245608 -0.915502437462 0.747871121153 -129.245280418 78.9542308057 GQ
24 CA 2.47869824706 1.1816856477 0.217724076151 0.888934900141 166.237650124 162.466237445 GQ
24 C 3.80234703834 -0.469838207767 0.453739469212 1.37884681985 161.785087573 NULL GQ
44 N 1.51380579996 0.600350454479 -0.706738628192 0.969295023834 36.0967791062 -143.305993207 LS
44 CA 2.43077539069 1.48668871533 0.00332986812544 0.0459953878026 -4.14074386604 148.750647933 LS
44 C 3.80679432069 0.553853076809 -0.736744302555 -1.19950848349 148.441539141 NULL LS
54 N 1.51766761842 0.634155982719 0.0715920748192 1.15005163554 176.437866537 -3.12052776327 SS
54 CA 2.44091970372 1.50953342629 0.0356689377805 -0.105387673833 18.698623577 -84.7049199649 SS
54 C 3.80898451034 0.549329767521 -1.38893796077 -0.16861834909 -83.0781122644 NULL SS
92 N 1.54269925779 11.9019912061 3.61959814131 9.83317790057 -20.2086886907 -123.215568576 QR
92 CA 17.0456029521 0.717721872494 1.21451277147 -0.389406011345 -107.777271365 -111.475125078 QR
92 C 17.6954055902 -0.974277385826 1.04438537154 -0.539593153387 -117.323633429 NULL QR
130 N 9.00725535332 0.108739765255 -1.24794158296 0.441442486603 70.5194542639 70.9538476132 LGQST
130 CA 9.55193022378 -0.936339921737 -0.6544162619 0.863460425915 37.1584716778 -152.223777504 LGQST
130 C 9.99557692182 0.515998237237 -0.136531255909 1.41390206002 5.5155770282 NULL LGQST
162 N 1.54465821462 0.557301927281 0.00313303689243 -1.19711267052 0.149951951532 -177.118285491 VY
162 CA 2.41895121902 1.47640428051 -0.0619302120737 -0.166532427207 -20.3992013209 41.7898139516 VY
162 C 3.8298403361 0.373507222853 0.95971135065 -1.14735891416 39.9108841067 NULL VY
