24 N 1.52926322129 0.678507130462 0.00663307663073 1.17019317901 179.675230353 17.1701574483 GQ
24 CA 2.49872887685 1.40975730664 0.350637469111 0.196442616606 119.259477614 161.231972438 GQ
24 C 3.88353473011 0.162212100929 0.420082401699 1.45117022092 163.855413081 NULL GQ
44 N 1.52258365944 0.594007425728 -0.82734788767 0.875428267163 43.3825994793 -137.433845747 LS
44 CA 2.43533098367 1.44648275078 -0.123391435695 0.070549311107 60.2411472195 150.925469041 LS
44 C 3.80713461806 0.500979368371 -0.730768788161 -1.23884448205 149.464522828 NULL LS
54 N 1.52082247485 0.648758166267 -0.0457275365416 1.16564481473 -177.753473401 2.06053639611 SS
54 CA 2.46331057725 1.4869039861 -0.0363651648826 -0.106485261441 -18.855251967 -97.260762115 SS
54 C 3.80768144676 0.46866942841 -1.44789214879 0.149957635198 -95.9130197461 NULL SS
92 N 1.50547301537 9.4057215609 6.48164281708 11.1768964078 -30.1100616965 -97.2336233554 QR
92 CA 16.911205575 0.285787254642 1.43969975151 0.0766046380665 -86.9542348331 -93.4801473925 QR
92 C 17.7415150424 -1.09572007147 0.774029969622 -0.746128763081 -133.948503292 NULL QR
130 N 8.97262743013 0.232373385054 -1.17494885198 0.592713088383 63.2309449651 61.7181859686 LGQST
130 CA 9.57615580491 -0.985317187429 -0.581914482179 0.883668249734 33.3657604447 -154.620265343 LGQST
130 C 9.92368600874 0.462824023019 -0.0247870779887 1.43772338246 0.987710353091 NULL LGQST
