23 N 1.54896933475 0.590091087986 0.28214297652 -1.16934419598 13.5652245751 -166.769459682 SG
23 CA 2.45408842546 1.42510826423 0.27598013358 -0.118875569733 66.696541928 -79.5786421849 SG
23 C 3.83070620121 0.981018775458 -1.10702511197 -0.322067638358 -73.7786625327 NULL SG
86 N 14.5496808556 0.331453081917 0.86866772173 -0.949945389858 42.4410332171 77.1124571752 EQLTPVA
86 CA 15.8154406831 -0.405061836956 1.4191521612 0.0468086701679 91.8891330891 87.3898923031 EQLTPVA
86 C 16.7128320461 -1.4497465377 0.304646602385 0.393647588693 142.263463307 NULL EQLTPVA
129 N 6.1395597562 0.107925011546 0.010950801349 -1.32738550234 -179.527326113 -132.858780001 MLGQS
129 CA 7.26211360418 -0.787807192388 0.924414544975 -0.824380723125 -131.726159465 -134.030191508 MLGQS
129 C 8.07349701183 -1.48720147879 -0.10706591444 0.241935221609 23.8712870808 NULL MLGQS
164 N 1.52972840727 0.593450442371 -1.00648340317 -0.639240746197 -57.5794311732 116.137848172 QA
164 CA 2.4350618062 1.43097231482 0.0319846910779 -0.304805206225 5.99040127139 52.3017245754 QA
164 C 3.80432135867 0.220750950558 1.17648564547 -0.969566678377 50.5073440831 NULL QA
